37.5
39.7
33.7
30.1
88.9
74.7
45.5
14.3
95.7
29.3
85.5
53.7
89.9
96.5
70.3
61.3
52.7
35.3
26.3
37.9
20.7
64.3
33.9
14.7
51.1
52.3
33.3
28.5
94.1
40.1
88.9
19.5
33.9
29.5
86.7
98.3
98.3
85.7
27.7
48.5
25.3
46.7
97.1
44.5
45.7
39.1
76.9
25.3
26.9
53.3
55.9
10.3
65.7
24.5
16.7
11.3
60.3
101.3
35.3
37.3
63.5
76.1
46.5
68.3
68.9
63.3
95.5
28.1
72.1
38.1
61.1
21.3
32.3
51.5
69.7
18.9
28.1
91.5
14.1
48.9
75.7
81.5
71.5
42.5
85.5
34.5
29.1
66.3
82.1
94.3
30.1
40.7
82.3
77.5
16.5
72.9
23.1
69.7
63.3
76.1
87.7
47.5
89.7
57.5
35.7
93.3
83.9
25.5
34.1
57.3
79.7
101.1
68.5
18.5
72.5
79.5
84.5
13.3
47.7
94.3
49.3
82.9
63.5
17.3
46.5
38.5
24.5
40.3
11.7
51.9
64.3
28.9
42.7
84.7
69.3
77.7
63.7
12.1
48.9
98.9
94.5
69.9
35.9
74.7
27.7
25.5
92.5
85.1
90.3
67.1
74.5
70.3
35.1
60.3
69.9
29.5
63.3
50.3
16.7
32.3
55.5
13.1
65.3
56.7
101.3
92.5
62.7
65.9
28.9
86.3
15.5
18.9
56.3
58.9
70.3
96.7
74.3
48.5
91.5
46.9
74.7
73.1
83.5
68.9
22.3
33.3
55.7
95.5
50.5
36.1
100.7
60.7
54.7
57.3
19.5
51.7
88.7
52.3
87.1
50.3
16.1
10.3
72.7
80.9
70.9
22.7
33.7
47.1
68.1
39.1
74.3
86.7
57.9
83.1
64.5
42.7
25.3
68.7
71.1
46.7
53.5
32.7
37.7
19.3
32.3
51.7
73.5
16.1
19.1
96.9
47.5
56.5
87.7
72.1
52.5
43.3
97.3
18.9
19.9
96.5
95.5
80.9
52.7
88.1
69.3
73.1
55.9
26.3
26.1
91.7
31.7
98.1
74.9
36.9
23.9
52.7
64.5
46.9
52.9
29.3
20.7
99.9
14.9
33.9
49.5
76.5
41.3
85.9
97.1
93.3
52.9
75.3
21.5
17.7
58.1
35.1
40.1
51.1
72.1
69.3
89.1
24.5
76.3
31.5
34.3
13.5
57.7
96.3
75.7
100.1
63.9
81.7
100.3
85.3
76.1
13.9
84.5
75.7
15.1
19.3
33.5
74.3
51.1
65.7
97.9
59.1
47.3
87.7
75.9
66.7
57.7
36.3
72.5
19.1
81.1
40.5
56.9
51.5
31.9
63.7
82.3
34.7
87.7
45.9
80.9
27.5
89.9
51.5
82.3
64.5
30.5
92.1
17.9
98.9
54.5
95.9
36.7
59.5
66.7
59.9
48.1
73.5
80.9
45.7
42.9
45.1
66.9
37.7
85.1
96.1
87.9
21.1
31.5
11.7
45.5
46.1
53.1
88.1
39.7
101.3
75.9
77.5
62.9
92.5
33.3
44.9
42.9
25.7
94.9
37.1
71.5
37.9
91.7
12.3
85.7
70.7
61.7
17.7
51.9
75.9
25.1
73.1
26.7
14.9
57.3
80.3
61.5
60.5
78.9
68.7
85.5
14.5
65.9
67.7
95.7
37.1
65.3
28.7
55.7
97.7
67.3
94.7
51.1
86.9
44.5
92.7
73.7
85.9
42.5
98.5
84.5
57.9
96.1
58.7
16.3
63.7
48.1
74.5
84.5
35.7
98.9
12.5
89.7
58.9
50.7
12.3
71.5
93.3
65.3
92.9
89.7
30.9
50.3
78.7
42.7
30.9
35.1
82.7
78.5
43.1
69.5
93.9
89.1
11.1
43.7
49.3
64.7
18.7
69.5
80.3
26.5
92.3
12.5
13.9
55.5
37.1
63.3
57.3
38.1
19.5
48.3
92.9
100.1
82.3
80.7
15.9
60.3
71.9
76.3
84.1
36.1
87.5
84.7
83.9
47.5
90.5
17.7
40.5
37.5
19.7
63.5
14.9
70.5
63.3
63.3
99.5
25.1
76.1
67.5
44.9
83.1
77.1
49.5
51.7
45.3
13.5
45.5
64.1
74.5
35.7
54.5
54.9
31.9
81.5
21.3
12.5
39.7
64.3
75.3
66.5
22.7
88.5
64.1
93.3
64.9
75.1
91.9
97.7
83.7
83.1
88.9
100.5
32.5
66.1
79.5
41.9
23.5
29.9
29.5
52.1
71.5
85.3
41.1
52.1
38.1
96.5
53.7
33.3
35.3
37.9
24.3
20.7
65.7
69.9
44.7
84.1
71.7
37.1
23.1
45.7
61.3
47.3
59.7
78.9
63.5
55.7
84.5
44.7
29.3
26.9
32.7
82.3
21.3
24.1
97.5
73.5
11.5
36.5
24.1
64.1
20.5
95.7
32.9
41.1
71.5
25.3
59.1
14.9
18.3
90.1
94.7
82.3
40.5
33.9
62.1
51.1
36.3
94.1
94.9
23.9
59.5
69.1
62.5
30.9
80.3
19.9
14.1
92.5
67.3
12.5
100.5
93.3
83.7
16.9
93.5
57.9
84.9
60.3
47.1
83.1
31.1
59.1
78.5
54.3
50.7
44.5
48.1
34.7
54.9
46.7
51.5
22.7
14.9
66.3
74.7
44.7
61.7
19.5
39.9
32.9
68.5
34.1
92.5
75.5
26.1
21.7
69.1
34.3
89.9
33.5
91.9
50.3
33.9
99.3
22.5
19.9
92.3
97.7
12.9
29.7
67.1
41.1
80.1
89.1
73.1
60.7
96.5
64.9
65.9
46.9
21.9
63.1
12.3
10.5
44.3
75.7
24.7
22.1
63.1
39.1
11.3
55.3
10.5
15.7
52.7
75.3
58.9
69.3
36.9
81.5
31.1
90.5
57.9
72.5
22.9
29.5
96.5
30.9
88.9
38.3
75.3
56.7
73.7
52.5
87.1
82.1
95.7
28.9
25.7
68.3
87.3
45.1
40.1
60.7
60.1
14.5
72.7
29.7
17.7
36.5
82.3
90.9
80.9
71.5
57.1
93.9
90.5
83.9
77.7
98.5
44.5
43.7
10.3
23.3
46.5
57.7
41.1
79.3
101.1
98.9
50.3
50.9
92.1
12.3
63.7
57.1
52.3
101.1
53.3
61.7
63.5
58.1
46.1
18.7
57.7
46.3
45.1
87.7
64.3
68.3
60.9
99.3
72.1
65.7
96.1
68.9
48.5
24.7
90.3
31.9
12.5
87.7
14.9
34.5
29.5
78.3
35.7
38.7
94.3
20.5
34.5
61.5
18.9
30.1
32.3
95.7
88.5
62.3
21.9
46.5
29.1
59.5
65.3
15.1
68.7
44.1
59.5
28.1
14.7
83.7
44.3
85.5
26.1
40.7
84.7
96.9
81.3
57.5
77.7
91.3
79.5
44.3
36.1
51.5
13.9
45.3
92.7
16.5
34.1
18.3
51.9
48.7
61.7
92.7
95.7
51.3
44.5
94.5
60.1
27.9
56.5
97.1
52.5
99.9
50.7
76.9
19.3
17.3
73.7
43.7
77.7
42.1
54.3
55.1
34.5
29.5
49.1
73.3
85.3
81.7
16.1
62.5
13.1
77.1
95.9
72.9
77.5
84.7
17.1
47.9
68.5
72.5
11.3
23.3
96.7
15.9
63.5
44.7
44.3
95.5
73.3
41.3
26.7
70.9
89.1
63.5
74.1
22.7
10.3
61.3
59.3
92.5
72.3
51.9
86.7
66.3
82.7
79.7
79.9
91.7
55.3
37.1
61.3
85.1
10.3
45.7
24.9
47.3
69.7
99.9
67.3
88.3
44.5
35.3
32.3
83.3
15.3
22.7
64.7
78.1
45.9
25.3
79.7
77.7
52.9
77.3
48.3
68.9
39.7
27.7
80.1
15.9
16.1
76.5
90.1
18.3
77.5
66.3
62.7
48.5
68.3
16.9
36.7
12.1
48.5
69.9
46.1
30.1
78.3
45.1
51.1
46.3
63.5
13.3
40.9
11.1
79.5
43.1
85.1
34.9
14.3
100.3
16.7
92.5
61.7
71.7
37.7
56.1
37.9
68.5
74.1
91.5
57.1
80.5
95.3
17.5
54.9
82.3
17.9
92.3
47.7
39.1
58.9
15.9
34.3
51.9
95.5
81.5
89.1
49.7
29.5
28.3
71.1
100.3
49.7
63.3
42.7
19.5
44.3
93.9
53.7
93.9
73.5
16.9
64.5
75.7
71.5
17.9
87.3
36.1
81.1
26.5
18.9
62.7
66.3
34.3
66.1
51.1
74.3
28.7
77.5
11.1
56.5
98.1
40.5
12.1
86.9
49.9
87.7
17.5
20.3
29.3
16.1
71.5
13.5
83.9
28.5
30.9
68.7
88.1
46.9
34.3
29.7
82.5
18.1
62.1
72.1
77.5
69.3
47.1
63.3
29.7
38.3
75.1
30.7
76.3
83.5
41.1
42.3
16.1
12.7
45.9
39.3
70.9
18.9
23.3
80.7
31.1
91.5
95.9
97.1
24.9
79.9
83.9
21.7
58.5
51.7
84.3
42.3
22.9
27.9
80.9
45.9
38.7
25.9
99.3
36.3
24.3
23.1
32.7
57.9
71.7
59.3
54.7
36.3
94.9
101.1
44.1
81.5
95.3
90.9
46.7
13.1
66.1
52.9
81.3
30.9
101.3
86.1
88.1
91.5
71.5
56.5
49.7
98.9
64.7
65.3
95.5
46.1
63.1
12.9
86.5
72.3
39.7
47.7
43.3
58.1
24.5
85.1
10.3
44.7
81.9
81.1
15.5
97.9
21.9
41.7
43.1
33.3
10.9
31.1
93.3
39.5
51.1
77.3
41.9
20.7
50.1
49.3
51.3
23.3
49.3
26.7
57.5
45.5
98.7
29.7
65.5
64.3
12.3
87.1
63.1
38.1
32.5
49.3
22.7
50.1
27.1
97.5
65.3
17.7
43.7
55.3
75.9
54.7
20.9
51.9
19.7
40.7
70.7
84.7
52.1
93.3
54.3
64.1
80.1
68.7
49.3
64.5
63.3
89.5
23.1
22.9
62.3
63.7
70.7
71.7
65.5
23.3
40.3
18.1
56.7
59.3
65.5
98.9
66.3
99.9
62.9
15.5
78.1
66.5
46.5
69.5
38.7
27.7
41.3
30.5
29.5
25.7
57.3
81.1
46.7
66.5
80.3
65.3
91.7
95.5
58.5
73.7
28.3
51.1
92.3
92.7
86.1
16.3
73.5
60.1
50.1
41.1
39.1
79.5
83.1
88.1
69.7
77.9
43.1
67.7
84.5
100.5
76.9
72.1
84.3
67.3
31.3
26.3
62.3
34.5
60.5
32.1
40.7
32.9
100.3
66.3
40.7
23.5
44.7
17.7
42.1
44.5
40.1
21.9
34.3
99.9
11.3
37.7
10.7
26.7
80.7
19.1
70.3
36.1
79.9
61.9
62.1
45.5
91.1
47.7
86.5
41.5
62.1
94.3
51.9
24.5
48.5
45.5
10.3
65.1
47.7
49.1
89.7
45.7
32.5
78.5
83.1
50.7
73.9
50.3
28.5
49.7
72.7
21.7
89.3
61.9
73.7
47.3
30.7
63.1
15.5
67.9
83.5
17.5
13.3
22.9
49.5
57.5
14.3
29.7
80.7
40.3
59.9
17.7
58.5
18.3
20.5
80.3
38.3
29.9
21.3
30.3
72.9
65.9
71.3
63.1
69.5
22.7
99.3
64.1
19.9
70.1
78.1
35.1
29.9
13.7
82.1
36.1
46.7
45.5
87.7
86.1
29.3
16.9
51.9
53.1
17.3
94.1
73.9
35.7
55.7
42.9
10.3
46.1
70.9
74.7
19.9
99.1
77.1
57.1
26.7
35.9
20.1
55.1
69.3
42.1
16.3
19.9
76.5
19.7
50.1
52.1
54.9
16.3
95.7
55.7
87.3
60.9
88.7
74.7
80.1
48.3
12.1
34.7
74.5
81.1
95.5
24.5
95.7
11.9
55.5
29.7
34.5
32.7
74.5
24.7
62.7
61.7
34.7
79.9
82.9
101.1
50.5
23.3
13.5
85.9
96.9
37.7
91.9
49.7
82.3
60.3
51.5
87.1
71.1
30.5
79.5
58.5
34.7
37.3
69.3
68.1
48.5
18.3
59.7
30.9
30.7
78.5
50.3
28.9
60.1
58.7
74.1
69.3
35.1
81.3
33.9
93.9
78.3
53.1
50.7
70.1
69.1
91.5
41.3
46.5
56.9
61.1
15.1
77.5
92.3
84.3
76.1
85.3
13.9
62.5
77.9
62.1
94.9
45.9
51.3
98.3
62.1
29.5
55.9
15.3
98.3
73.5
13.7
95.7
15.9
66.7
51.3
66.1
29.3
51.5
71.5
75.3
57.3
92.9
28.1
50.1
42.7
40.3
76.7
16.1
10.9
25.1
100.7
44.7
37.9
19.1
67.3
77.3
96.1
35.3
72.7
93.3
84.5
87.5
96.9
35.3
54.1
45.9
62.1
21.7
65.9
67.7
59.3
55.7
30.3
92.9
26.7
82.5
43.1
54.5
95.7
43.3
27.3
95.5
86.1
94.3
13.3
66.5
72.7
50.9
54.9
50.7
48.7
51.1
41.5
57.5
73.3
83.9
35.7
12.1
53.3
33.5
82.3
79.9
101.3
17.5
38.3
48.3
79.1
77.5
88.9
60.3
42.3
80.1
19.3
74.7
55.3
35.5
19.9
92.5
41.9
73.3
60.7
56.9
13.7
70.5
37.7
100.5
30.5
92.7
80.7
80.5
100.7
20.9
50.3
89.7
57.3
89.7
83.9
75.9
72.9
74.7
51.9
17.1
78.7
97.1
80.3
81.7
40.9
43.3
40.3
42.7
60.7
47.5
12.1
24.1
26.5
53.9
69.3
52.1
14.3
48.9
12.5
85.7
41.5
71.3
50.9
96.5
100.5
68.7
34.3
11.9
32.5
65.5
24.5
43.9
67.3
99.1
52.9
92.5
71.7
24.3
79.1
95.3
56.7
39.7
19.5
80.3
90.7
52.5
64.9
88.9
70.5
37.9
93.5
17.1
42.7
45.1
16.9
94.5
73.1
53.7
50.1
84.1
64.7
24.9
99.5
92.7
80.1
17.3
99.3
21.7
99.7
88.9
42.1
88.7
51.7
17.3
85.1
72.9
38.9
21.5
61.3
74.9
69.1
73.5
85.9
12.3
13.1
81.5
41.7
21.3
91.9
62.7
68.3
66.9
21.1
34.9
85.9
31.7
25.9
63.5
49.3
74.7
16.7
22.7
12.3
86.9
86.7
18.7
50.5
30.3
63.7
46.3
31.7
27.1
93.7
30.9
84.1
55.3
75.9
70.5
62.9
20.9
46.5
26.5
81.5
37.1
28.7
95.1
17.3
87.7
23.1
14.1
42.7
13.1
59.9
51.9
19.7
14.1
44.5
63.1
25.5
78.7
10.3
44.7
25.3
21.3
60.7
39.7
77.3
95.9
31.1
29.3
36.1
52.7
100.1
25.5
68.3
64.5
64.1
11.3
52.7
33.3
17.3
78.3
42.1
73.7
40.5
79.9
94.7
44.3
31.1
59.3
75.7
83.9
90.5
37.5
82.1
67.1
36.1
26.9
80.1
56.3
11.5
83.1
65.5
16.5
23.9
16.1
35.7
37.1
20.5
47.5
30.5
87.9
18.1
29.9
20.3
67.1
82.9
86.9
47.9
15.7
67.9
87.9
49.7
73.5
29.1
58.3
22.3
90.3
64.3
31.3
60.3
35.1
100.3
92.3
85.3
20.5
82.9
65.5
58.3
24.9
76.1
70.9
53.5
26.3
71.9
78.5
97.9
49.9
45.7
34.7
96.9
94.9
57.9
84.3
82.9
100.9
21.3
99.1
81.7
28.1
11.3
95.7
75.1
65.5
47.9
88.3
87.1
48.3
65.5
50.9
67.3
93.9
13.3
42.1
89.9
90.7
52.3
75.9
80.7
99.9
28.1
76.7
64.7
58.3
62.3
91.7
92.7
95.1
20.7
35.7
31.9
21.1
60.1
101.1
76.5
68.9
38.3
49.3
80.5
84.3
36.7
64.1
31.3
35.1
48.1
28.7
75.5
20.3
80.3
76.9
66.9
83.9
25.3
83.9
29.1
95.3
57.7
15.7
19.3
75.9
49.7
96.3
84.3
35.9
20.3
36.3
65.5
98.3
51.7
97.3
64.9
53.3
34.3
59.3
96.9
35.1
63.7
52.7
85.1
25.7
91.5
58.7
59.1
83.9
55.9
21.7
91.5
66.1
85.7
16.3
31.3
56.1
98.7
65.9
24.9
13.7
58.3
42.7
72.5
13.3
33.3
52.7
37.1
20.5
11.5
37.5
37.5
32.7
76.1
23.9
29.1
21.1
35.1
36.7
41.9
80.7
95.5
62.3
16.1
44.9
15.1
23.7
83.3
50.1
54.1
11.9
45.7
54.3
57.3
72.7
19.7
17.7
65.1
89.3
36.1
88.7
53.5
70.7
68.5
26.7
79.9
83.1
90.9
100.9
21.1
42.9
59.5
91.5
54.9
79.3
92.5
94.1
79.5
43.1
21.7
74.9
71.1
20.5
36.3
91.5
38.1
28.3
61.7
81.1
20.3
27.9
64.5
81.9
31.9
37.9
96.1
42.7
89.1
45.3
67.3
74.1
99.5
34.7
84.7
28.7
37.7
50.3
97.3
72.9
38.9
93.3
50.3
19.1
73.9
68.3
18.7
90.7
85.5
96.1
16.7
47.7
17.7
12.5
57.3
92.5
41.5
38.7
76.5
78.7
53.5
51.7
26.1
64.5
53.3
98.9
46.1
33.1
92.3
93.7
60.9
11.1
45.3
21.7
58.1
37.9
79.7
53.5
72.7
79.1
47.5
23.3
53.7
62.1
31.3
98.1
58.7
68.1
28.5
31.1
49.7
92.9
36.5
60.3
25.9
92.9
94.3
62.3
49.3
43.5
32.1
93.3
13.1
61.3
51.7
57.1
80.9
25.1
22.3
98.7
52.3
80.7
46.7
57.9
86.9
25.1
16.7
27.5
99.7
95.7
68.1
57.7
11.5
75.9
48.9
81.7
57.7
32.3
18.1
73.1
93.7
41.1
30.5
12.7
53.1
46.9
99.3
43.3
49.3
101.3
86.7
10.3
76.9
90.1
29.9
90.1
26.1
75.9
12.9
72.3
29.3
24.3
24.9
12.9
70.7
52.1
83.1
83.9
93.7
87.1
18.9
49.7
25.7
87.3
95.9
61.1
67.9
49.1
96.3
53.3
40.7
88.9
31.9
26.7
15.9
32.7
20.5
29.7
10.5
18.7
47.1
27.1
76.3
89.7
76.9
18.3
84.3
33.9
95.5
65.3
11.3
61.9
27.9
36.9
39.5
91.9
56.1
44.3
26.5
68.3
96.5
49.7
54.5
22.5
77.7
43.9
83.7
78.1
32.3
40.9
53.5
59.9
23.3
99.9
28.5
79.1
43.9
30.7
57.1
13.1
60.9
45.7
16.3
35.3
94.7
68.9
51.3
28.3
45.5
25.3
95.3
99.7
69.1
36.9
92.3
81.9
96.5
51.3
75.9
92.9
68.1
56.1
89.5
21.5
69.5
17.7
75.7
77.3
47.5
13.9
68.1
85.9
37.5
60.7
55.9
23.7
68.9
18.1
24.3
99.7
57.7
46.1
99.5
42.1
60.9
93.3
74.7
47.9
80.9
25.9
100.9
29.7
33.9
81.7
21.3
14.3
35.3
80.1
74.5
38.9
46.1
79.3
36.7
27.1
71.7
63.5
10.7
37.3
19.3
88.9
96.7
37.3
27.1
39.1
40.5
95.9
78.9
80.1
73.1
14.3
18.7
57.3
75.5
21.3
61.5
52.5
41.1
74.1
95.1
11.5
37.1
50.9
80.7
89.3
57.3
56.5
85.7
50.3
52.9
30.7
41.9
23.1
63.7
75.7
48.1
16.5
21.9
73.9
85.3
63.5
76.9
92.1
15.9
83.1
98.3
52.7
73.1
89.7
94.3
56.9
53.7
72.1
53.7
98.3
53.3
88.7
88.9
32.7
100.7
92.1
40.7
43.5
96.7
62.3
44.1
20.3
64.7
56.7
30.3
74.9
45.3
18.5
80.7
30.1
15.5
63.3
62.7
66.9
30.7
34.3
78.1
94.9
85.5
77.9
22.9
15.3
24.1
39.1
85.1
50.7
21.3
66.1
69.5
79.3
26.3
90.3
54.1
81.7
36.3
78.1
29.5
62.5
49.1
48.5
61.1
61.9
94.3
88.1
18.7
41.5
75.7
35.1
67.7
100.7
41.7
40.1
49.3
25.9
89.1
27.5
48.5
52.9
68.3
67.9
39.1
27.7
35.1
38.7
44.5
31.7
32.9
66.3
74.9
11.7
15.1
54.3
44.7
86.1
60.3
80.1
27.3
42.1
59.3
76.1
68.9
17.7
52.9
72.9
37.3
50.1
17.3
15.9
38.3
74.5
92.9
26.5
59.3
101.1
67.5
35.1
12.1
36.7
87.5
82.7
26.3
61.1
44.1
44.5
22.5
28.1
92.1
38.7
24.9
13.7
79.1
30.9
16.1
24.7
69.1
95.7
12.7
42.5
57.9
34.3
96.7
25.3
80.1
65.1
99.7
93.5
73.5
99.7
75.3
55.1
73.1
85.1
62.3
33.7
64.1
75.5
35.5
53.7
96.5
63.3
80.3
14.5
87.1
63.3
73.1
59.7
49.1
39.7
76.7
98.1
27.3
96.5
79.1
24.3
80.7
55.7
36.1
94.5
34.3
50.1
52.3
38.3
93.3
97.5
29.9
87.9
67.1
25.3
26.1
80.9
24.9
89.7
23.9
74.3
35.3
74.5
98.5
97.1
16.5
58.5
53.3
72.9
38.7
76.7
70.3
66.1
89.3
83.1
62.1
97.3
64.7
22.3
11.9
28.5
31.7
38.3
30.9
50.9
54.7
38.9
10.9
33.3
42.1
25.7
92.1
72.1
13.3
70.5
24.1
91.7
58.1
17.7
55.1
94.3
36.5
42.5
55.5
25.5
13.1
98.3
70.9
14.3
101.1
13.7
35.1
33.7
92.7
57.9
100.5
11.7
28.5
21.9
66.1
70.9
72.3
20.7
86.3
30.3
46.7
41.1
23.7
13.5
61.5
69.3
67.1
73.9
26.1
20.7
18.5
46.9
75.5
13.7
21.1
16.7
76.9
95.7
13.1
90.7
23.9
35.3
52.1
100.5
63.7
52.7
13.1
79.7
51.1
74.1
47.7
96.1
79.5
18.9
70.7
32.1
68.7
76.3
62.1
97.9
23.5
12.3
40.5
64.7
72.9
14.5
85.3
70.5
35.9
82.7
12.1
29.3
67.5
56.3
17.9
98.1
81.3
35.3
24.1
32.9
68.5
78.7
90.9
49.7
66.3
20.3
42.9
79.9
59.5
34.9
64.7
80.1
70.9
71.7
26.5
30.5
56.9
64.9
27.9
14.5
52.1
70.7
20.3
89.5
42.7
63.3
99.3
66.3
45.7
99.9
26.1
58.5
69.7
95.3
90.1
30.9
13.1
11.3
20.3
21.3
93.1
44.3
34.9
44.9
50.3
78.9
100.3
56.7
16.9
48.7
32.9
18.9
78.1
82.1
27.1
91.7
18.9
11.5
78.1
61.7
42.7
58.7
50.5
92.1
35.9
15.1
45.3
86.1
67.5
96.9
75.5
20.1
41.5
98.1
68.1
20.1
77.5
77.1
53.3
36.1
11.1
75.1
54.9
97.5
22.7
56.1
35.1
98.7
18.9
78.5
60.5
75.7
76.5
14.1
30.1
47.7
14.1
14.7
84.9
22.7
45.1
88.3
56.5
98.1
91.9
84.3
10.7
86.7
69.3
62.1
87.7
43.5
78.3
25.3
73.1
58.9
31.5
39.7
11.3
16.7
57.7
72.3
89.1
11.9
93.9
12.5
18.3
11.7
56.1
11.9
75.7
98.9
39.1
87.9
43.7
20.7
71.5
75.5
88.9
83.7
97.7
22.1
63.7
31.3
76.7
33.1
64.1
64.7
50.1
99.5
63.9
83.5
74.5
39.9
39.1
75.5
18.5
25.7
43.9
97.3
39.1
91.5
57.7
77.9
57.1
50.9
79.9
39.1
21.9
50.3
46.1
94.3
90.1
97.9
69.9
68.9
79.9
71.3
11.9
63.7
34.7
89.9
74.5
52.3
67.7
25.5
19.9
63.9
81.3
100.5
22.5
31.3
88.5
40.7
33.5
67.9
19.5
77.1
48.3
14.1
53.5
80.7
86.1
43.3
62.1
55.9
44.9
74.1
19.7
24.7
83.3
12.1
56.9
38.1
72.5
38.1
14.3
85.1
39.5
93.3
40.7
23.7
21.5
12.7
89.1
33.9
83.7
16.7
99.7
93.9
26.7
100.3
17.5
78.7
21.1
99.7
51.5
99.3
55.9
82.7
45.3
73.1
36.9
33.7
45.7
15.1
18.9
87.5
85.1
95.5
69.5
55.5
100.5
85.9
26.3
98.5
31.3
65.3
43.9
15.5
80.1
35.7
94.1
32.7
88.3
50.7
43.1
35.3
85.5
19.1
81.1
96.3
71.9
37.7
82.1
40.5
93.9
75.7
39.1
71.3
20.3
46.1
10.9
22.5
30.7
91.9
65.3
24.3
83.1
62.3
34.3
16.3
53.5
73.7
41.9
22.5
36.5
51.7
31.1
38.9
56.3
73.3
19.7
90.9
99.1
95.7
47.3
43.1
85.7
41.9
44.5
95.7
94.5
60.5
87.5
36.9
27.1
56.1
34.5
89.1
89.3
56.3
23.3
77.7
20.5
49.5
46.1
73.9
53.7
98.1
36.3
97.1
99.5
23.1
40.1
35.5
89.5
65.7
25.3
101.3
84.7
20.3
56.5
87.1
27.3
34.3
23.7
43.9
40.1
27.1
98.1
30.7
81.9
77.9
20.5
53.1
58.3
94.9
92.9
62.7
66.7
77.5
46.3
90.5
81.1
32.7
90.7
81.1
54.3
24.5
17.1
63.1
49.7
42.9
82.5
56.1
39.9
51.7
27.5
54.5
12.1
74.1
75.3
76.7
98.7
67.7
33.9
58.7
96.5
23.7
63.3
49.7
39.9
94.9
22.9
62.3
91.9
62.7
69.1
99.1
55.9
33.5
93.1
20.7
90.7
68.1
31.3
76.9
53.5
99.9
23.1
43.3
85.5
60.7
14.7
78.9
33.7
29.5
58.3
96.7
89.9
48.7
49.1
88.7
64.9
101.3
60.3
71.1
44.3
39.9
59.5
87.5
88.9
78.7
20.3
24.3
20.9
61.3
23.5
34.3
25.3
40.3
40.9
41.1
85.3
80.7
51.7
83.7
52.7
43.9
82.3
66.3
42.7
45.1
36.9
77.9
51.7
100.3
16.3
34.3
94.1
40.7
36.9
67.5
13.7
90.9
39.7
77.1
52.1
61.9
63.9
62.1
95.7
42.9
17.5
54.9
52.7
24.3
39.7
66.5
35.1
23.9
51.1
55.5
76.5
68.9
32.1
46.1
74.3
13.1
53.9
39.9
42.9
43.7
26.3
96.7
54.7
80.7
14.3
42.5
14.7
35.7
71.3
10.5
85.9
57.7
88.9
79.9
95.9
11.9
27.7
93.5
34.9
12.7
20.1
86.1
86.7
47.1
62.9
69.5
90.1
77.5
36.7
28.1
28.9
98.5
82.1
94.7
72.3
70.5
71.5
98.7
67.1
16.5
61.9
33.1
28.5
32.9
17.1
54.7
86.3
86.3
65.9
41.5
60.5
39.1
13.9
56.3
20.1
72.9
31.7
78.3
25.5
32.7
47.9
51.3
20.5
25.9
32.1
23.5
63.7
68.3
34.3
20.1
21.1
88.9
88.3
75.5
53.1
74.1
41.7
95.1
47.5
54.9
62.5
100.3
30.9
90.3
64.5
71.7
82.5
33.9
97.5
22.9
94.9
49.9
96.5
82.1
47.1
19.5
82.1
17.5
26.9
29.9
98.9
97.9
46.7
77.5
63.7
76.3
57.3
62.9
92.3
13.9
42.9
79.3
19.1
84.9
52.3
64.5
58.7
62.9
60.5
75.1
50.1
10.5
87.7
49.1
51.3
47.1
20.7
79.9
74.3
92.3
59.9
18.1
66.9
101.1
57.5
51.7
96.9
92.1
89.1
65.5
78.7
50.5
54.3
55.5
65.9
22.5
29.1
93.9
39.9
73.7
75.3
57.3
26.1
86.9
10.7
16.5
88.9
29.9
45.3
99.3
83.3
77.1
16.1
77.3
55.7
49.5
56.3
46.1
64.1
91.9
82.9
82.3
35.1
37.5
34.3
79.5
90.9
61.3
49.9
48.9
55.9
54.5
79.3
85.1
76.1
78.3
92.7
44.3
93.5
80.7
80.3
68.1
47.3
73.3
37.9
21.3
91.9
70.5
21.7
11.1
24.5
34.7
78.7
31.3
69.1
24.5
90.7
44.7
32.1
74.5
26.7
86.3
74.3
17.5
49.1
19.7
13.5
24.1
18.1
27.9
65.1
37.9
82.1
85.5
18.5
57.9
53.3
49.1
60.9
85.3
96.1
97.1
39.5
37.3
74.9
83.1
99.3
58.9
70.3
10.7
25.7
50.7
58.7
38.1
53.5
88.1
99.9
27.1
76.1
17.7
26.3
26.7
81.7
92.9
19.7
85.9
41.7
98.7
86.3
92.3
30.9
98.5
84.3
97.7
64.3
90.1
29.9
63.9
65.3
37.3
63.3
23.5
52.3
74.9
40.3
31.3
42.5
98.3
72.3
47.5
64.5
36.7
86.9
82.1
96.7
22.3
80.3
65.1
90.3
46.9
84.1
64.1
84.1
60.7
20.9
96.7
22.5
58.1
53.5
52.5
48.7
63.7
79.3
11.1
81.1
101.1
53.1
15.7
14.1
76.9
56.3
92.1
75.7
87.5
56.9
34.7
20.1
47.9
32.9
48.1
96.5
83.3
53.1
49.7
19.9
33.1
55.9
69.5
90.3
52.3
47.7
45.3
91.7
19.7
36.7
49.1
67.3
27.5
92.3
81.9
47.3
60.1
94.1
70.3
44.1
41.5
41.5
48.3
81.7
30.1
99.5
31.1
48.1
63.3
68.5
51.9
54.3
16.3
79.3
35.3
78.7
58.3
40.7
65.1
44.9
77.5
73.1
35.7
24.7
19.9
39.5
55.7
11.9
78.9
100.9
20.9
42.3
25.7
52.9
82.3
88.5
66.9
96.5
23.9
101.3
14.7
27.9
51.5
35.9
45.5
41.1
85.3
88.1
54.7
75.1
42.7
84.3
84.1
34.9
96.3
14.1
60.3
81.9
82.5
92.5
44.7
65.5
87.5
20.1
96.1
63.3
16.7
37.3
14.3
73.1
32.7
66.3
23.3
16.1
26.5
67.1
52.9
87.3
54.7
86.5
56.5
67.3
79.9
36.1
50.1
69.3
38.3
24.9
35.5
20.5
79.7
72.5
100.5
13.5
32.7
27.7
64.9
65.3
81.9
43.7
23.9
64.9
58.1
22.5
18.3
69.3
45.3
95.5
38.1
59.1
86.5
100.5
71.7
97.7
79.7
90.7
35.3
59.5
13.7
41.1
51.1
59.7
95.9
60.7
31.9
62.7
91.7
29.3
17.5
93.1
100.9
35.3
75.3
77.3
63.9
41.9
62.5
33.5
47.5
52.5
56.9
20.9
16.3
48.5
46.9
66.1
52.1
91.7
15.7
80.7
36.9
96.7
47.5
37.3
12.1
62.5
77.3
63.9
24.5
62.3
96.3
70.3
21.3
76.1
41.1
35.1
60.7
61.1
80.7
19.5
99.9
56.3
37.5
70.9
48.5
60.7
46.7
60.5
43.1
21.7
18.5
53.9
74.9
60.1
34.7
15.1
85.9
45.9
44.1
62.9
54.1
58.9
17.5
40.7
82.7
64.7
11.9
17.3
93.3
92.9
34.1
10.9
11.5
43.1
37.9
98.7
97.7
34.1
47.1
27.1
60.1
66.7
41.5
34.7
14.5
68.9
12.7
30.5
77.3
60.9
44.9
68.7
95.1
44.7
70.3
90.7
84.5
25.1
82.7
51.5
41.7
91.3
25.5
91.3
30.9
81.5
100.3
94.7
94.1
12.5
81.1
92.7
58.3
44.3
50.1
44.9
93.7
36.1
45.1
88.9
23.1
22.9
34.9
15.3
32.3
55.5
94.5
64.1
46.5
50.7
26.3
71.1
12.1
53.3
48.5
82.1
30.5
95.9
92.9
49.3
42.9
35.3
25.1
67.5
32.9
61.7
98.7
61.5
14.3
48.7
100.3
94.7
45.5
88.5
31.1
23.1
41.7
95.5
98.3
22.1
41.1
79.1
23.5
84.1
40.1
93.9
49.9
73.5
64.3
65.5
33.9
26.5
17.3
70.5
90.1
85.9
91.7
95.5
29.9
96.3
14.7
35.1
26.9
35.7
25.5
59.5
18.1
26.1
16.1
59.7
96.5
37.3
86.5
38.7
33.7
71.3
64.5
69.3
73.3
17.9
93.3
24.3
84.9
90.3
83.9
96.3
26.7
59.9
46.9
84.9
45.9
33.1
57.1
21.1
86.7
59.7
20.7
70.1
42.3
99.9
65.9
85.1
38.5
32.9
58.5
88.1
75.1
51.3
91.1
44.9
69.7
79.1
53.5
81.3
76.3
67.9
97.1
31.1
48.1
79.1
88.3
77.3
100.3
78.7
15.5
77.5
40.3
48.7
64.7
65.5
47.1
43.5
71.7
81.1
86.9
29.1
94.1
15.9
46.3
76.5
59.1
10.7
48.1
44.3
76.1
66.7
18.7
96.9
56.9
88.7
18.9
92.3
86.5
53.5
62.9
17.7
95.9
92.3
23.7
78.5
21.5
63.3
44.3
57.5
79.3
43.9
28.5
20.7
78.1
23.3
87.1
83.9
26.1
43.5
98.7
23.9
94.5
76.7
99.9
24.7
89.7
73.9
25.5
81.3
49.3
73.3
71.9
90.7
68.9
74.1
57.1
65.9
77.3
16.5
70.7
81.5
96.7
70.1
30.1
37.5
43.1
55.9
51.9
46.3
47.1
50.9
50.3
51.5
85.1
10.3
22.3
23.7
10.5
84.9
83.3
93.7
84.5
96.1
71.3
94.9
22.5
27.1
13.7
97.3
58.7
85.1
42.5
15.3
39.1
51.9
56.5
58.7
19.9
58.7
20.7
38.3
87.9
93.9
24.5
47.1
69.9
97.5
97.3
96.5
63.5
60.3
88.9
66.5
39.1
13.7
48.3
70.9
25.5
29.7
54.9
72.9
88.3
42.5
79.3
25.3
31.3
37.3
17.7
96.5
75.3
55.7
88.9
67.5
84.5
30.5
81.5
53.9
49.9
66.3
19.9
45.7
90.3
21.5
88.1
32.7
21.3
100.7
42.3
97.1
99.3
88.9
19.3
59.5
23.9
91.3
65.7
85.9
77.1
76.5
38.9
73.7
18.3
85.9
28.3
100.7
81.7
20.7
71.5
92.7
47.5
63.3
94.1
35.7
86.1
67.1
34.1
81.5
59.9
17.9
60.3
15.1
65.7
87.9
97.7
94.9
70.1
83.3
86.7
99.5
82.5
23.3
52.9
22.7
34.5
60.7
82.1
37.7
41.1
90.1
48.3
98.9
87.3
13.3
74.5
52.5
36.5
51.5
58.5
19.7
41.3
79.5
44.1
68.1
63.9
14.3
87.5
65.5
21.1
43.5
83.5
86.9
21.5
23.9
83.3
85.5
21.5
97.5
44.9
34.3
69.9
74.5
37.1
36.9
36.9
75.3
20.9
34.3
62.1
85.7
17.9
75.1
19.9
15.1
57.3
17.1
68.3
36.3
89.5
55.5
48.7
21.5
82.3
78.5
97.3
37.7
68.1
94.5
98.3
58.1
69.9
39.7
63.1
68.3
59.1
70.9
36.7
34.3
18.1
74.5
84.9
29.9
73.3
24.3
34.7
64.1
46.9
85.7
88.5
65.7
24.7
86.9
65.9
81.9
70.3
14.5
67.1
71.1
26.5
19.9
98.9
37.5
38.5
36.9
90.5
14.9
53.5
59.5
70.1
90.9
57.5
87.1
94.9
73.5
47.7
80.5
76.5
88.9
96.3
44.5
33.3
29.1
13.7
99.3
88.7
15.1
78.9
88.1
40.3
31.9
68.5
66.5
75.7
30.3
69.3
101.1
19.3
23.1
58.3
18.3
95.5
34.9
70.9
56.7
11.5
81.5
67.5
66.7
53.7
67.7
26.7
11.3
64.9
99.1
61.3
69.9
81.9
48.7
60.7
12.3
43.1
59.3
90.5
14.1
15.3
55.7
100.3
15.3
35.1
66.3
99.5
35.7
93.7
54.1
15.1
60.1
33.7
11.3
42.5
21.3
18.5
23.9
45.1
100.9
54.7
62.5
19.7
66.3
59.9
38.9
94.1
20.1
30.1
40.7
51.5
96.7
88.9
56.7
63.3
85.5
56.9
59.1
37.9
46.7
47.7
43.9
26.1
92.5
16.3
52.7
91.7
51.5
24.3
95.7
82.7
12.9
36.3
39.3
95.9
49.1
76.1
19.1
18.5
77.5
54.1
75.3
50.1
22.1
60.3
95.1
71.3
13.1
88.3
53.3
98.7
55.1
84.3
42.7
64.9
30.7
64.5
76.7
63.1
86.9
58.7
20.1
14.1
90.9
97.7
16.1
80.3
38.1
53.1
96.7
23.3
100.1
94.3
53.3
75.7
95.9
37.1
64.3
59.3
21.5
45.7
22.7
83.9
72.5
92.7
86.3
50.5
61.9
58.7
41.1
15.9
34.7
54.1
69.1
36.7
16.9
24.5
26.5
56.1
60.9
70.9
73.1
68.5
91.7
18.5
52.5
73.9
63.7
26.9
94.9
14.5
67.1
75.7
97.5
58.1
85.1
14.7
100.5
83.1
18.1
10.3
41.9
93.5
43.7
77.1
46.5
81.7
16.1
74.9
96.7
17.9
65.3
39.9
71.1
38.3
92.9
15.9
41.5
19.1
32.1
70.7
30.7
76.1
82.1
67.9
56.3
99.1
84.9
12.5
98.7
84.9
33.1
35.9
76.5
46.9
67.5
97.3
84.5
13.1
63.3
70.7
38.9
79.3
22.5
75.3
21.9
30.9
11.3
70.1
48.5
16.3
64.7
75.7
53.5
16.3
34.5
101.3
89.5
55.5
95.9
17.7
85.1
94.3
10.5
56.1
73.9
77.1
54.9
23.5
92.5
30.3
29.5
77.5
66.5
15.9
46.1
48.1
28.9
87.9
15.5
94.1
20.7
96.5
31.3
25.9
11.9
30.9
75.7
29.1
24.9
52.1
28.5
98.7
50.7
82.5
39.3
90.7
73.1
82.9
87.5
23.7
61.9
82.1
79.5
69.7
60.5
92.1
89.7
100.1
64.9
93.5
47.9
99.1
89.9
19.7
98.3
35.5
65.3
39.9
99.7
46.1
95.5
32.9
81.1
94.3
68.5
28.1
62.9
24.9
44.7
50.3
97.5
40.9
62.1
57.7
40.5
47.3
12.9
50.9
30.1
48.3
63.3
44.1
87.7
21.7
89.7
31.7
63.5
23.9
77.7
89.1
57.9
39.7
15.5
26.1
45.7
71.3
26.5
50.1
21.7
58.3
32.5
56.1
55.7
60.1
98.9
93.5
50.1
36.5
81.1
57.1
22.5
73.7
39.5
65.9
50.1
55.9
77.1
40.3
36.9
40.7
38.5
91.1
93.7
77.1
32.3
96.3
40.1
10.5
64.5
92.5
34.5
72.5
85.5
21.5
60.1
78.1
100.9
36.5
45.9
10.5
52.3
31.7
72.7
30.5
59.7
39.1
15.1
71.7
18.5
37.5
100.5
57.1
36.7
20.3
20.5
33.5
47.3
82.9
55.9
99.5
84.9
60.3
78.5
50.3
53.3
18.9
91.1
13.3
51.5
52.5
19.9
47.3
45.9
77.7
42.7
100.1
89.7
18.5
99.5
14.1
37.7
54.7
45.9
66.7
66.5
68.1
80.5
10.3
21.5
43.1
92.5
14.7
25.7
99.7
35.7
80.3
42.1
29.1
73.9
16.1
77.1
45.1
74.5
90.3
100.3
82.5
11.9
30.3
55.9
62.3
55.3
27.1
89.3
22.1
83.1
93.5
21.7
83.1
72.5
65.5
53.1
30.1
99.7
87.7
10.3
53.9
58.7
86.3
98.3
22.9
63.5
83.9
82.3
83.5
65.7
88.9
64.1
23.3
64.5
66.9
82.1
98.5
73.9
80.3
29.3
54.9
78.3
64.5
29.3
66.9
11.5
14.7
16.7
69.5
56.3
20.5
56.1
100.5
91.5
56.5
43.7
13.5
55.7
92.9
80.9
12.5
69.7
77.1
27.9
28.5
76.9
75.5
81.9
35.3
70.1
95.9
98.3
14.9
76.3
94.3
51.9
46.1
31.9
95.7
53.1
48.9
13.9
23.7
44.9
50.1
86.7
59.7
84.7
94.3
26.9
12.7
46.3
46.1
78.1
56.1
92.5
98.1
89.5
52.9
68.5
39.7
89.7
43.9
11.5
19.5
34.5
72.5
49.5
77.9
39.9
33.3
49.3
26.3
79.3
35.5
72.5
37.1
36.7
91.1
55.5
79.1
46.5
44.9
97.9
51.9
32.1
58.3
50.5
49.3
80.5
45.5
21.3
39.7
32.9
90.3
25.9
78.3
46.1
83.9
51.5
11.7
35.9
88.9
70.3
75.9
76.9
19.5
63.3
17.9
49.3
88.9
77.1
37.3
98.5
93.5
41.1
29.9
78.5
56.1
17.1
69.7
96.9
10.7
32.9
52.3
80.1
47.3
16.7
84.1
50.9
43.7
33.3
42.9
54.1
42.1
99.1
56.3
69.7
66.5
87.7
13.7
97.3
38.1
90.3
48.9
26.1
84.9
36.9
93.3
76.9
95.9
10.9
62.3
11.1
85.5
33.1
89.3
23.7
70.7
34.1
23.5
31.3
88.5
65.9
50.3
21.9
33.3
32.7
72.1
34.3
100.7
61.3
93.9
36.1
32.5
18.9
86.7
32.5
38.9
78.9
45.7
74.9
98.1
70.3
24.9
62.1
71.5
92.1
14.7
16.9
36.1
96.7
55.5
56.1
41.7
75.1
79.3
36.5
21.9
51.9
11.3
83.1
58.1
29.1
61.7
55.7
25.3
18.1
52.5
61.7
90.9
39.7
59.9
87.3
14.3
34.3
100.5
38.7
11.9
27.1
82.3
16.9
96.7
77.1
69.1
26.1
12.1
82.3
27.5
34.9
47.9
56.5
65.3
83.9
69.9
66.7
73.3
21.1
70.9
29.1
57.3
89.7
50.5
45.7
93.9
53.9
54.5
47.9
97.1
17.7
71.5
47.7
84.7
41.9
25.7
62.7
98.5
30.3
84.5
82.1
63.9
17.1
39.9
32.1
23.5
92.7
42.3
54.1
79.7
79.5
24.1
36.1
33.3
43.9
40.9
68.5
69.7
33.9
77.5
55.7
70.7
98.3
71.7
42.9
31.5
29.5
38.7
69.5
89.3
41.1
92.5
56.9
78.7
48.1
65.5
40.5
79.5
79.1
15.7
15.3
85.1
41.5
63.7
49.1
30.7
90.3
78.7
100.3
31.1
95.1
53.9
89.1
97.5
93.3
21.5
17.5
48.5
35.7
23.7
96.5
15.9
56.3
54.3
31.3
24.9
98.7
13.9
44.9
17.3
91.1
93.7
26.1
33.1
34.7
70.1
69.7
92.7
10.7
50.7
27.3
20.7
34.7
78.7
16.9
43.7
84.3
16.3
82.5
46.7
98.9
16.3
18.9
55.3
70.5
77.5
29.3
58.9
43.5
41.3
65.1
52.3
71.1
13.3
88.1
77.7
98.5
65.3
29.1
54.5
84.5
89.3
39.5
11.9
58.1
57.9
28.5
43.1
48.9
86.7
75.7
26.1
47.9
47.5
98.5
28.9
60.9
59.3
37.5
46.7
75.5
101.3
42.9
61.9
77.7
60.9
47.1
66.9
35.5
18.3
51.1
81.9
36.1
69.1
61.7
49.5
61.3
19.9
34.3
46.7
51.1
54.9
31.3
20.3
85.9
57.1
32.9
24.7
87.1
58.3
84.7
49.1
76.9
37.1
94.1
98.9
70.5
88.3
37.5
89.9
75.1
32.1
54.1
93.9
64.3
31.7
82.1
74.3
78.9
77.7
84.9
72.1
15.1
43.1
65.5
23.9
78.5
12.5
96.3
69.3
27.1
99.1
14.7
40.1
48.3
100.5
56.5
73.1
80.9
44.7
99.9
54.3
64.3
47.9
87.1
39.3
95.1
30.5
12.7
88.9
51.3
50.5
77.9
28.1
49.3
67.9
72.7
63.1
28.9
62.5
28.9
60.9
95.7
57.3
54.1
85.7
84.5
71.1
88.5
66.7
26.7
16.1
73.7
71.1
35.5
74.9
100.5
78.1
26.5
16.3
26.9
100.3
22.7
39.1
66.7
18.1
87.5
15.1
63.1
70.7
31.5
25.3
83.5
55.5
63.1
100.5
25.3
90.5
50.1
15.7
94.7
37.5
101.1
77.1
41.1
77.3
54.9
78.9
101.3
35.3
14.3
67.1
23.9
40.7
36.3
15.3
55.5
17.1
68.3
83.1
91.1
68.5
100.1
67.7
76.7
10.9
96.3
10.5
12.1
31.5
84.3
76.1
65.5
69.9
77.3
94.9
11.1
31.9
44.1
32.7
18.5
64.5
28.1
30.3
66.5
92.1
27.5
53.1
49.1
57.1
61.1
27.1
29.1
45.9
90.3
32.5
56.5
93.1
96.5
100.9
33.7
80.5
62.3
73.1
14.1
25.1
39.7
77.5
43.5
74.1
25.5
81.9
83.1
45.3
78.1
21.1
28.5
72.5
47.1
75.3
26.3
81.5
39.3
71.1
61.3
82.3
26.5
29.5
65.5
82.7
30.7
59.7
35.1
51.9
40.7
16.9
23.9
100.5
81.5
71.9
60.9
67.3
75.9
14.3
56.1
72.5
91.1
93.9
79.3
31.5
41.1
34.9
100.5
23.7
84.9
58.9
11.5
14.1
29.9
20.3
10.9
47.1
54.1
80.5
77.1
57.7
89.7
29.5
59.5
13.9
24.1
49.7
20.1
33.5
17.7
30.3
82.1
47.5
22.9
50.9
80.9
23.1
79.5
74.3
82.5
66.1
72.1
85.9
51.1
33.7
70.5
75.3
38.9
97.1
53.1
21.5
53.1
34.9
63.9
64.1
100.3
10.7
86.7
55.3
38.5
41.3
10.9
97.5
27.7
30.5
27.1
10.9
22.1
38.1
26.7
69.3
61.3
55.1
52.7
59.3
35.9
63.3
32.7
90.5
62.5
22.1
101.3
76.7
93.7
60.9
77.9
84.9
88.5
74.9
45.9
57.7
78.7
41.3
60.3
21.7
25.7
43.5
71.1
37.5
19.1
34.9
16.7
71.5
35.9
12.5
95.9
71.9
88.7
87.9
88.1
42.5
59.9
80.7
40.3
74.5
15.5
29.5
90.1
63.1
46.1
92.3
41.3
100.7
90.1
13.1
34.7
34.9
63.9
23.9
42.5
37.3
20.7
30.7
24.3
45.3
28.1
50.9
26.3
46.9
86.3
77.7
67.7
100.3
86.5
64.5
18.3
13.3
54.7
20.3
68.5
87.3
17.9
39.5
14.3
24.7
76.9
30.9
13.5
57.7
80.9
13.5
19.1
74.3
27.5
97.9
11.7
66.9
14.5
40.1
11.9
20.1
95.3
47.1
59.5
20.7
89.5
98.7
30.1
24.7
97.7
77.9
46.1
65.1
34.7
41.3
20.9
16.5
30.1
93.1
28.3
21.7
14.9
43.1
72.9
41.9
85.3
11.5
79.7
101.1
21.7
59.1
43.1
32.5
61.3
89.9
32.1
34.1
72.7
34.5
87.9
77.3
82.7
28.1
35.3
18.5
34.3
68.9
77.1
70.1
86.7
87.1
22.5
81.7
82.9
58.9
27.3
67.5
90.7
82.9
28.3
66.3
40.7
34.3
24.9
56.3
100.1
85.1
57.9
41.3
98.5
88.5
80.7
24.5
92.9
63.3
51.5
62.1
89.1
96.1
12.7
33.1
70.7
13.5
30.7
48.3
91.9
19.3
53.1
44.9
39.9
16.7
86.3
43.1
21.3
66.5
19.3
62.9
44.7
64.7
51.1
50.9
23.3
41.5
27.3
99.3
83.9
14.5
18.9
35.9
53.5
86.7
24.1
78.3
94.7
53.1
39.7
39.9
54.1
30.9
11.5
87.3
81.7
35.3
36.1
94.9
88.3
86.3
59.3
52.1
79.7
30.3
65.5
91.1
39.3
13.5
100.9
36.1
86.3
38.5
61.3
51.9
76.3
98.3
51.5
55.7
24.3
83.7
13.1
73.1
28.7
99.1
65.3
59.7
15.1
84.3
61.7
65.9
75.9
95.9
45.7
59.7
25.3
99.7
87.9
14.7
82.3
62.1
93.1
28.5
61.5
15.3
56.1
56.3
52.5
35.9
29.3
33.7
79.7
41.9
29.9
57.1
40.3
86.3
75.7
10.7
57.7
70.3
100.7
69.3
60.3
45.7
21.1
70.3
71.9
84.7
90.5
84.1
11.7
92.3
68.3
81.9
28.3
41.9
11.7
79.9
17.3
13.7
62.5
70.3
12.9
71.7
97.1
87.5
98.5
57.5
42.3
14.3
52.1
32.3
46.9
28.3
72.5
98.3
39.5
92.9
79.3
42.3
44.5
59.3
88.1
91.3
65.5
25.5
77.9
55.9
34.3
93.5
64.5
84.5
38.7
86.7
84.7
78.1
69.5
43.7
26.1
22.9
18.3
52.5
11.1
24.7
37.5
40.9
47.9
41.5
45.3
20.3
15.5
23.3
21.9
45.9
31.1
18.7
101.3
98.9
27.3
26.5
48.7
24.5
61.3
20.5
63.9
10.3
59.5
51.1
18.1
48.9
90.5
12.9
41.1
14.3
63.3
82.1
94.3
17.1
59.1
94.5
38.1
31.7
21.7
15.3
41.3
74.9
11.9
12.5
17.7
10.3
72.3
69.3
80.5
25.5
13.1
59.1
73.1
62.5
60.3
36.9
24.5
98.3
65.9
59.5
89.9
64.5
54.5
41.9
29.5
15.5
83.1
77.5
35.9
18.3
40.5
10.3
91.1
32.1
13.9
63.7
23.3
80.3
72.5
93.7
36.9
23.3
12.1
56.3
60.5
78.9
11.5
54.9
79.1
66.1
43.1
42.1
84.7
52.7
91.9
22.5
90.7
10.5
52.7
47.1
48.9
65.5
46.1
22.3
45.3
39.1
30.7
29.3
58.9
80.5
16.9
89.5
17.1
76.7
78.1
89.9
37.7
59.1
47.5
89.5
36.3
39.1
81.3
22.1
23.9
49.9
60.9
48.9
73.5
21.3
11.7
62.5
10.5
63.9
86.7
66.1
57.1
70.3
58.1
76.3
42.9
56.3
80.3
78.1
65.9
46.9
44.1
82.1
45.3
18.5
19.9
64.5
14.5
71.3
42.3
82.1
46.7
50.7
83.1
76.9
52.7
57.5
63.5
57.5
71.5
61.5
86.9
32.9
19.7
25.5
77.9
91.1
53.7
38.7
32.3
78.7
100.1
45.5
25.9
39.3
92.9
21.1
64.9
20.9
60.1
54.9
90.9
67.5
42.7
35.3
23.5
96.9
79.9
34.9
74.3
29.5
83.7
64.7
73.5
82.3
60.1
34.7
90.7
25.7
46.5
73.5
77.7
80.1
92.5
21.3
26.1
34.5
21.1
70.1
75.7
57.5
37.1
81.1
37.3
90.3
15.1
57.7
18.1
97.1
58.1
16.9
43.5
60.1
87.1
28.7
100.9
46.7
51.9
49.5
55.9
34.7
19.1
72.7
26.7
96.1
60.7
88.3
20.7
38.5
43.1
44.5
87.5
64.3
29.7
28.9
23.9
81.7
35.9
31.5
89.9
87.7
19.3
46.7
61.3
77.3
35.3
48.5
30.9
80.3
77.3
14.9
53.5
62.7
62.3
41.7
71.3
53.7
79.3
64.7
42.3
92.7
36.3
11.9
33.1
17.3
91.9
81.1
87.9
29.9
101.3
30.7
52.7
22.3
31.3
29.9
67.9
38.9
96.3
41.9
77.9
35.3
75.9
28.5
82.5
21.1
65.1
11.3
65.3
50.5
91.9
59.9
91.9
69.3
12.9
48.7
42.7
96.9
81.7
86.9
18.3
13.9
17.3
93.3
35.1
34.7
73.7
35.3
86.3
20.7
60.5
13.1
24.9
69.1
57.9
95.7
82.1
66.3
66.9
75.5
23.1
100.3
82.9
74.9
24.5
66.3
14.1
10.3
63.5
65.1
62.7
98.5
77.3
14.5
27.5
81.1
74.9
42.9
14.3
21.3
34.3
10.9
78.3
29.5
37.7
63.3
61.7
68.1
31.9
40.3
54.5
16.1
84.5
29.3
15.1
90.5
65.1
79.5
61.7
64.7
59.7
16.3
20.9
19.9
32.5
79.1
48.3
77.3
41.5
57.9
59.5
26.9
31.9
50.7
69.1
22.1
32.1
41.9
16.9
30.1
92.1
95.1
23.5
45.9
96.9
53.5
92.1
77.9
83.1
16.1
90.1
90.9
74.5
66.9
39.1
82.1
66.3
35.5
32.1
69.1
95.9
44.7
88.7
37.1
73.3
59.9
99.7
58.7
60.3
36.3
62.7
22.7
20.9
71.9
34.3
35.3
86.5
58.7
49.5
69.7
71.5
49.9
66.7
74.9
57.3
60.5
21.7
43.9
82.1
42.1
23.3
74.1
95.7
16.5
69.5
53.5
47.5
17.9
71.9
10.3
53.5
99.9
20.9
93.9
11.5
54.3
92.1
12.1
97.5
16.7
73.3
63.7
59.7
26.3
88.7
65.9
66.7
54.7
62.1
60.1
30.3
50.3
75.1
12.9
31.9
61.9
18.9
58.5
17.5
19.5
10.7
26.7
76.3
20.9
47.9
62.9
70.3
70.1
84.5
83.9
42.5
15.5
55.3
92.9
82.3
84.5
52.5
47.3
84.1
10.7
71.3
42.1
63.5
65.5
69.7
58.7
41.5
30.5
71.3
23.9
41.9
12.5
34.1
32.7
37.5
54.9
56.7
66.3
52.7
13.1
90.3
29.5
71.3
59.3
43.5
59.3
65.7
92.7
92.1
41.5
64.1
72.9
36.9
81.1
29.1
58.9
94.1
55.9
11.5
70.5
98.1
14.1
97.3
28.9
59.3
93.9
46.3
75.9
70.7
42.1
60.1
23.1
98.9
72.3
75.1
82.1
95.5
47.7
20.1
37.1
49.5
83.7
29.7
14.7
34.7
76.3
30.1
31.5
43.1
56.7
56.5
24.1
95.7
89.5
10.3
12.1
69.3
96.7
77.3
98.3
73.5
97.1
81.7
23.3
78.3
55.5
33.7
46.9
59.3
53.7
32.9
88.9
13.9
38.5
31.5
37.1
32.7
99.7
101.1
74.1
22.9
60.1
13.9
68.9
37.3
11.1
19.3
76.9
42.3
67.3
72.7
49.7
35.1
38.7
76.1
30.7
65.3
16.5
62.3
72.3
29.3
94.5
64.7
47.5
56.1
96.7
53.5
35.1
53.3
65.5
22.9
37.7
81.5
16.9
12.7
79.5
84.1
39.7
17.7
16.7
10.7
73.9
85.5
68.1
49.5
27.5
101.3
88.1
91.9
62.9
30.1
22.7
82.3
99.1
71.7
12.7
56.7
83.5
94.7
19.9
19.7
72.3
61.7
96.9
34.9
41.9
78.5
70.9
63.7
60.7
11.9
94.1
26.3
14.1
62.7
12.7
32.3
89.5
78.9
52.9
58.9
47.1
37.5
39.5
75.9
31.7
20.3
59.7
39.7
31.9
53.7
63.5
28.9
70.5
94.3
95.3
68.7
28.9
51.9
65.5
93.5
24.9
58.3
31.1
65.1
81.5
99.9
11.1
88.1
72.3
69.7
24.5
71.9
74.1
20.5
25.1
42.1
42.9
24.7
10.3
51.5
12.9
62.3
26.1
66.1
55.3
65.7
84.7
36.7
83.5
28.3
46.7
71.7
88.7
56.3
31.5
43.9
16.9
64.3
46.1
84.7
27.5
34.9
99.3
68.5
51.1
60.1
79.7
30.5
42.9
65.7
86.5
88.9
49.3
33.5
63.5
65.1
38.5
49.5
82.7
40.9
32.9
45.1
93.5
64.3
17.9
13.7
56.3
39.5
92.9
32.1
94.3
20.9
74.7
52.7
71.5
19.3
80.5
14.5
71.1
83.7
26.5
91.5
78.5
35.1
91.1
22.3
65.3
49.9
97.3
57.5
55.1
45.5
17.9
28.7
63.5
43.1
23.7
18.1
93.3
69.5
22.5
94.5
67.1
10.9
15.5
61.9
65.9
51.9
66.9
70.3
65.9
22.1
46.9
33.3
45.7
78.9
95.5
74.5
91.7
91.9
58.5
60.3
76.1
72.9
35.9
51.5
30.3
27.3
77.9
61.5
68.9
74.7
14.7
66.5
62.7
97.9
90.3
61.9
81.9
55.3
48.1
64.3
79.7
17.3
42.9
24.5
26.9
85.9
65.3
68.5
24.9
40.3
60.7
10.5
68.3
96.9
44.7
52.3
65.3
26.5
27.3
93.7
56.7
82.3
77.7
54.7
76.3
78.7
33.1
34.1
27.3
51.3
46.5
40.3
55.3
27.3
55.5
75.7
13.1
72.1
18.1
62.5
18.5
95.5
49.5
48.3
16.9
83.5
68.3
88.7
79.5
42.3
23.5
20.3
68.9
42.7
56.1
61.3
18.3
60.5
55.5
45.7
22.1
63.5
97.3
60.1
95.1
50.9
22.9
88.3
34.7
95.1
77.5
67.7
68.7
99.7
32.9
77.7
21.5
53.9
89.1
80.1
56.3
66.7
56.3
49.9
26.1
57.7
12.9
24.9
43.3
68.9
35.5
68.3
60.9
60.3
29.3
26.7
77.1
82.9
12.7
50.5
87.9
63.1
11.1
67.5
20.9
40.7
72.3
32.1
61.9
21.5
11.1
34.5
82.7
19.7
68.1
12.3
61.1
85.3
33.5
17.5
17.5
38.3
26.9
80.7
73.9
75.9
95.3
80.3
99.3
50.1
78.9
61.5
40.5
14.1
59.3
87.5
19.1
46.9
56.7
50.1
57.5
68.5
78.1
29.3
70.7
59.1
36.5
56.9
26.1
27.3
26.1
54.1
89.1
41.7
62.3
94.1
85.1
58.1
57.5
37.5
98.3
49.1
76.9
85.1
36.5
22.1
79.3
49.9
59.5
61.3
101.3
97.1
72.9
11.3
75.1
87.9
84.3
48.5
57.5
91.9
19.3
36.7
65.9
93.1
99.3
48.3
94.1
77.5
84.3
90.5
67.3
80.1
73.5
41.5
88.3
52.5
67.3
70.7
35.3
86.9
41.9
10.3
65.3
15.7
47.3
69.7
62.9
92.5
57.3
73.7
14.9
98.7
40.7
59.7
95.3
37.9
35.7
49.5
61.1
19.7
88.1
66.5
78.3
40.1
55.9
80.1
47.5
63.3
87.1
97.9
47.9
44.9
73.5
29.9
52.7
68.9
50.5
40.5
87.9
98.5
19.1
38.1
85.7
81.5
65.7
47.3
96.7
80.5
72.7
36.7
68.3
20.5
51.7
50.1
74.5
74.9
64.7
44.9
98.5
87.3
79.9
33.9
80.7
95.7
48.7
83.3
12.3
76.9
78.3
26.1
26.9
29.7
78.5
98.1
34.7
64.3
59.7
39.9
27.5
63.1
96.3
62.3
18.1
83.1
23.1
100.5
99.1
95.9
34.3
62.3
81.9
84.3
32.3
42.5
69.3
36.1
78.9
79.3
82.3
33.9
65.1
79.3
15.9
19.9
23.7
22.1
63.5
36.5
81.9
98.9
24.7
74.7
39.7
73.9
12.9
14.3
70.5
17.7
15.1
82.9
52.1
21.9
13.1
66.7
76.1
39.3
65.9
81.5
23.9
54.7
73.3
20.9
10.9
48.1
47.5
99.5
20.1
30.5
80.9
63.7
38.9
34.5
45.1
27.3
30.9
43.3
99.1
65.5
24.9
89.7
10.7
52.9
99.5
96.5
96.9
32.9
99.3
69.7
33.7
70.3
15.9
83.1
68.5
37.9
63.9
86.1
74.7
67.5
30.9
83.7
76.3
79.1
73.7
93.5
67.9
49.5
19.9
79.9
38.9
31.7
76.1
89.3
39.5
27.3
47.9
30.1
99.7
39.9
19.7
39.3
76.7
11.1
62.5
55.7
85.5
59.9
88.7
14.1
52.7
59.9
98.7
30.3
49.1
14.1
58.3
78.1
75.5
67.7
48.7
22.5
33.3
24.5
47.7
13.3
67.9
91.9
90.5
96.3
42.3
99.5
54.5
58.5
38.1
31.3
53.7
55.7
77.9
38.3
81.5
59.3
23.1
74.5
87.1
47.9
69.7
26.9
11.9
87.5
98.9
98.9
61.9
71.7
53.5
87.1
97.9
19.5
47.9
46.7
67.1
59.3
16.5
92.1
24.9
42.5
73.7
63.7
56.7
85.7
97.5
16.9
27.5
35.5
29.7
15.3
43.9
86.9
16.5
54.7
74.7
52.9
92.7
83.9
66.9
83.5
51.5
74.9
15.7
48.3
34.5
98.7
72.3
72.3
43.5
14.7
62.1
93.7
53.3
28.9
43.3
81.3
23.7
52.7
35.9
49.5
77.7
39.1
98.9
96.7
12.7
30.3
21.7
93.7
88.3
79.3
29.1
86.7
88.1
72.7
15.9
20.7
98.5
62.3
29.7
38.1
30.1
91.1
96.3
100.1
13.7
83.7
74.3
55.7
62.9
75.9
60.3
15.9
89.9
62.3
46.1
93.7
25.3
17.1
77.9
30.3
89.1
95.7
49.3
10.9
75.9
29.9
38.3
54.5
73.1
69.7
66.3
92.3
49.3
86.3
97.1
82.5
31.7
101.1
88.9
54.9
64.7
39.5
53.9
90.9
59.3
12.7
47.7
10.7
86.7
26.3
74.9
18.9
62.9
21.7
60.3
76.9
11.1
83.5
42.9
40.5
90.5
95.3
97.3
83.3
71.3
28.9
35.7
67.5
41.7
97.1
60.9
64.9
41.9
61.9
29.9
40.5
91.5
30.7
18.3
61.7
33.3
69.7
86.7
101.1
13.5
64.7
29.5
41.5
52.1
69.3
93.1
79.9
74.5
37.3
71.5
10.7
40.5
54.5
85.9
83.5
63.5
48.3
39.5
86.9
51.1
44.5
55.5
41.1
57.5
82.7
21.5
98.9
50.1
72.1
58.9
87.5
85.5
27.9
47.1
53.5
37.3
10.7
23.1
46.9
83.1
67.9
17.1
97.3
70.1
47.9
29.1
21.1
58.1
13.3
58.1
25.3
14.3
92.9
79.1
78.9
90.5
17.1
57.7
74.3
54.5
99.5
55.1
64.1
63.9
67.1
74.1
24.9
86.7
31.5
44.1
49.3
74.3
63.9
86.1
79.7
47.5
70.9
68.5
66.9
35.1
64.7
40.1
10.3
76.7
88.1
45.1
90.5
49.3
58.1
67.7
58.3
21.3
52.3
90.1
24.9
28.7
63.9
38.1
87.9
100.1
78.3
48.9
10.7
39.5
27.5
97.3
97.1
22.3
49.9
99.5
63.7
80.9
38.7
11.5
27.5
93.7
22.1
14.9
84.3
37.3
59.9
15.3
77.5
47.7
63.3
67.9
11.1
99.9
35.3
86.7
43.7
69.9
71.1
88.1
75.7
82.7
59.5
79.9
88.7
24.9
86.3
81.1
90.3
48.3
76.7
83.3
62.5
54.7
62.9
26.3
70.5
96.1
51.5
54.1
37.1
97.3
50.3
84.1
90.3
45.5
22.9
51.9
99.1
75.7
50.5
29.5
57.1
47.1
77.7
84.1
20.9
12.1
57.9
29.3
27.3
75.5
46.9
27.7
19.3
88.1
96.5
15.9
92.3
43.3
19.9
51.3
92.7
82.3
95.5
47.9
40.7
74.1
19.3
70.9
64.9
43.3
51.7
62.9
18.9
25.5
51.7
13.3
52.1
38.9
43.7
81.1
60.9
42.9
88.5
40.5
48.3
52.7
52.3
41.3
79.3
73.1
91.1
91.1
67.9
29.7
67.1
77.7
64.5
71.5
81.5
72.1
39.1
79.9
95.9
22.5
93.9
68.1
57.3
75.1
12.7
61.5
27.1
89.9
47.5
58.9
72.5
78.5
90.3
74.3
13.1
70.5
57.1
94.7
81.1
15.7
100.7
88.9
62.7
45.1
98.1
90.5
99.1
33.1
24.5
16.5
37.7
100.3
82.1
85.7
42.7
13.3
97.9
97.5
10.3
12.5
64.5
28.5
25.5
58.5
41.3
12.1
10.9
64.5
92.9
80.5
42.1
20.3
89.3
34.9
44.5
36.9
25.3
78.3
40.7
54.3
37.5
79.1
96.1
61.1
34.7
34.7
70.9
28.1
56.5
100.5
45.5
61.7
76.7
22.7
79.3
23.1
98.1
16.5
18.9
47.9
39.5
28.3
14.1
32.9
87.1
18.5
34.3
47.3
100.5
76.5
47.1
27.3
101.1
96.1
22.7
91.5
98.9
95.9
67.7
11.1
75.7
59.3
86.3
97.7
44.1
37.1
82.9
100.9
39.3
90.7
80.5
12.1
65.9
29.3
88.9
70.5
68.9
21.7
35.9
64.5
90.1
29.7
48.9
47.1
20.1
71.7
65.5
49.7
62.9
36.1
74.7
12.5
33.3
33.7
42.1
34.7
32.3
48.9
91.3
53.5
42.1
17.7
82.5
65.5
32.5
40.9
11.5
53.7
97.7
10.3
85.5
12.3
75.7
43.9
73.3
89.1
74.5
17.1
57.5
24.7
54.3
97.5
30.1
97.9
60.1
76.9
64.3
81.7
84.5
79.3
59.1
69.1
22.7
46.5
31.3
12.7
63.5
36.3
33.7
57.1
37.5
84.1
47.1
63.5
89.3
78.7
26.5
96.3
88.3
24.1
14.7
49.7
53.3
69.5
81.1
39.5
81.3
36.5
39.9
92.1
56.7
39.9
46.1
57.1
52.5
13.9
62.9
82.7
31.9
61.5
42.9
22.1
89.9
80.3
50.9
82.1
39.7
91.9
69.5
100.7
67.9
67.5
19.3
35.5
54.5
93.9
28.1
87.5
54.9
43.7
97.9
30.7
92.9
39.5
86.3
79.9
17.5
38.3
69.1
45.5
95.7
50.3
59.9
79.9
91.7
96.1
39.3
43.5
51.1
42.5
31.7
67.1
66.1
81.3
75.5
65.3
17.5
60.3
20.1
97.9
43.7
39.7
85.3
19.1
96.5
46.5
96.7
42.5
63.7
18.9
17.9
61.7
56.9
76.3
66.1
57.7
71.7
57.3
95.9
87.5
49.5
60.5
61.3
58.9
44.5
74.5
87.9
12.3
93.1
43.9
28.1
70.1
69.7
89.1
81.5
16.7
36.7
10.9
24.9
63.9
97.3
98.7
54.3
20.9
83.1
69.7
32.7
17.3
41.1
88.7
46.5
36.5
23.1
38.3
47.9
97.5
92.7
63.1
75.1
56.1
41.9
40.5
87.5
71.9
59.7
64.5
56.7
83.3
46.7
54.7
24.5
14.5
25.5
22.1
42.3
51.1
77.1
13.3
48.7
52.1
66.5
22.3
81.3
53.1
56.1
76.1
60.9
57.5
90.7
80.7
10.5
37.3
58.1
98.5
92.5
13.7
83.1
94.9
14.5
52.5
68.5
35.1
44.9
45.7
10.5
20.7
38.5
100.5
34.7
71.5
99.7
99.1
11.5
34.7
67.7
16.3
88.9
66.7
41.1
81.9
20.3
22.3
82.3
91.3
70.1
92.7
29.9
39.5
37.5
15.5
28.7
98.1
99.3
61.9
35.9
20.5
62.3
45.9
13.5
81.1
21.5
96.5
67.9
34.7
80.3
49.5
55.1
81.3
33.9
70.9
64.7
37.9
79.5
39.3
60.1
89.1
62.5
32.1
69.3
63.9
66.9
71.1
26.1
83.1
63.5
82.9
90.3
82.9
79.1
82.3
11.1
50.1
80.7
80.3
72.7
36.9
30.7
58.3
71.9
13.9
51.7
34.3
50.1
99.9
50.1
81.5
16.5
13.1
99.3
92.7
69.3
14.9
24.1
95.3
61.1
28.3
86.3
24.9
42.3
63.3
24.1
16.7
33.9
43.1
40.1
18.1
38.9
14.5
46.3
36.5
23.7
16.3
43.7
79.1
58.7
92.9
41.9
49.3
46.9
94.7
30.1
97.5
21.9
98.5
35.5
56.7
62.3
65.9
48.3
42.7
53.5
73.1
79.7
13.5
76.1
57.5
45.7
72.1
97.3
71.1
41.1
94.5
84.3
93.3
91.9
59.1
51.5
11.1
36.3
17.9
46.3
98.3
46.9
94.9
71.7
65.5
17.9
89.1
45.1
54.1
54.1
87.7
38.5
63.3
36.3
75.3
36.3
57.5
63.9
91.3
62.1
83.9
62.7
21.7
72.9
23.5
97.7
59.1
95.7
73.7
32.3
35.7
87.7
95.7
100.1
87.7
43.7
52.5
80.1
59.7
71.9
36.1
24.1
68.7
72.5
74.9
58.7
29.3
15.3
97.1
63.9
83.1
41.7
97.7
71.5
84.1
74.9
76.9
41.9
21.5
73.5
77.5
51.1
73.5
53.3
35.9
63.3
30.5
88.3
85.1
94.1
45.3
42.5
47.1
72.5
89.7
18.5
89.3
11.9
57.9
32.9
81.7
86.7
64.7
81.9
70.5
61.7
58.9
25.7
91.7
18.9
56.7
39.3
36.3
46.9
95.5
57.7
20.1
14.9
44.9
69.1
49.1
59.9
29.9
88.1
97.7
45.7
21.1
95.1
48.9
41.1
13.9
50.1
30.7
21.9
77.7
23.3
15.5
92.5
54.3
15.5
29.7
46.3
40.5
64.5
14.1
47.5
36.1
51.9
47.3
57.3
17.9
35.5
26.7
69.7
78.1
33.7
97.3
95.7
18.7
15.9
57.7
48.1
77.1
46.7
51.7
74.3
77.7
17.3
67.7
50.3
67.1
48.5
59.3
82.5
19.7
35.5
79.3
19.7
93.7
100.9
91.9
97.1
98.7
75.1
25.3
12.7
27.7
88.9
50.1
51.3
80.3
10.9
52.7
99.5
62.9
25.3
68.5
52.9
93.1
37.3
87.3
67.9
74.9
84.7
73.9
63.5
22.7
90.5
17.9
64.9
82.7
79.9
94.1
61.9
53.3
30.5
55.7
28.5
61.1
81.5
78.3
46.9
23.5
84.7
39.3
22.1
59.3
88.9
71.5
78.9
22.5
29.9
20.5
78.1
35.1
39.9
61.7
21.3
56.9
40.1
48.1
11.9
70.9
93.5
20.9
60.9
18.7
59.1
65.5
70.3
40.7
81.3
23.5
13.1
16.3
80.1
47.9
75.5
61.5
72.1
44.1
72.7
14.1
74.1
57.7
95.3
15.9
70.9
63.9
83.9
86.1
64.1
76.5
27.1
55.5
59.5
24.3
21.7
98.9
81.9
60.1
77.7
19.3
48.9
39.3
91.9
57.1
41.3
42.7
32.1
55.1
66.1
50.9
37.1
42.5
94.1
21.3
98.7
38.1
73.1
90.5
84.3
89.9
41.9
67.5
13.9
10.5
60.1
66.9
99.9
90.7
24.3
16.5
23.1
40.1
68.5
89.9
13.9
10.5
36.1
56.3
15.5
69.5
63.5
50.3
57.3
46.7
65.9
41.9
21.1
66.5
89.7
59.9
39.7
19.9
50.3
50.3
64.7
76.1
27.5
83.7
87.1
85.9
85.7
24.9
92.5
62.1
52.1
47.9
88.9
83.9
31.9
18.3
82.3
53.9
14.7
11.3
65.1
27.9
71.7
52.9
33.7
29.1
65.3
99.7
66.3
99.5
35.5
76.1
55.7
70.5
58.3
93.9
84.5
73.7
87.5
27.7
32.1
63.9
59.5
79.7
26.9
77.3
74.1
74.3
90.1
62.3
75.3
94.5
24.3
13.7
66.1
86.3
89.5
71.5
85.7
96.7
11.5
34.3
51.9
19.1
63.7
14.9
89.5
28.1
76.7
15.3
88.3
83.5
99.5
95.1
81.1
90.3
84.3
67.5
53.3
94.1
50.7
41.3
24.7
88.7
61.7
94.9
27.3
53.5
84.1
55.1
37.3
82.9
63.1
99.5
34.9
79.3
11.3
25.7
50.7
53.3
90.9
15.7
43.3
100.1
14.7
94.9
93.3
93.1
44.7
62.5
29.3
33.5
15.7
45.3
33.9
30.7
96.3
13.3
69.9
97.5
80.9
33.7
82.3
89.9
48.9
35.9
16.5
61.5
101.3
84.7
73.7
38.3
58.3
90.9
77.9
37.5
81.7
46.3
97.9
76.9
28.5
54.9
15.9
66.3
97.7
71.7
43.3
41.5
52.9
41.5
31.3
32.1
52.1
40.9
30.3
54.1
50.9
79.3
62.9
14.7
57.3
99.1
93.9
53.5
42.9
41.5
70.5
71.7
66.9
44.1
22.7
50.7
39.5
70.7
61.1
23.5
55.1
83.1
16.1
22.5
43.5
11.9
40.5
56.9
94.9
100.7
50.3
38.5
24.9
51.5
39.1
101.1
64.5
11.3
47.9
80.7
59.1
66.3
99.9
48.5
37.5
95.9
30.5
59.9
87.3
35.9
35.9
98.7
12.1
13.3
65.3
97.9
66.5
39.3
95.9
17.1
73.7
35.5
30.3
36.1
32.3
14.9
17.1
34.3
11.3
53.9
31.1
74.1
52.5
44.9
19.1
99.7
15.9
74.7
33.3
24.5
94.1
10.7
58.1
90.3
45.1
57.1
77.3
44.3
88.3
44.7
92.5
52.5
96.3
66.7
23.7
39.5
14.3
25.5
29.5
62.3
29.5
88.1
21.7
100.3
19.9
82.3
77.5
37.5
78.9
52.5
83.3
38.9
90.7
66.1
49.9
13.7
41.5
91.3
12.7
69.7
89.7
79.3
43.1
82.5
70.5
16.1
79.5
71.1
14.7
43.3
71.5
48.5
78.1
60.7
11.1
43.1
71.7
31.3
15.5
87.1
49.9
45.3
15.7
81.7
63.3
15.3
69.9
51.9
89.3
93.9
73.1
73.3
56.3
51.9
96.9
67.7
25.5
50.1
83.1
91.9
73.5
40.1
27.3
88.9
91.9
39.9
100.7
89.7
95.9
21.5
57.1
82.5
50.1
85.7
40.7
67.1
50.3
45.1
81.9
95.5
67.9
56.5
90.9
11.3
33.9
48.9
31.7
48.1
88.3
96.7
70.7
88.7
62.7
57.9
88.9
91.9
12.3
100.9
22.7
91.3
31.1
11.9
24.1
62.1
58.1
16.3
62.3
85.7
30.9
85.5
40.5
83.3
36.1
46.7
60.9
21.9
79.7
40.5
76.1
98.3
95.7
19.9
24.7
82.1
41.5
65.9
34.5
67.5
55.3
53.3
49.1
84.1
46.5
49.9
26.9
42.5
89.3
14.7
98.5
82.1
17.3
20.9
42.3
18.9
93.5
81.7
64.7
90.7
13.3
66.1
77.7
40.3
57.3
45.9
48.1
51.5
65.3
12.3
61.9
73.9
81.7
88.1
70.1
57.5
36.9
30.9
18.1
54.7
74.5
93.7
91.9
48.3
87.5
78.5
20.5
83.1
44.5
70.3
23.3
50.7
47.1
95.3
84.5
99.5
29.1
66.3
83.3
101.3
55.3
11.3
54.9
49.7
80.3
51.1
62.7
77.1
53.1
78.3
32.3
48.9
39.7
101.3
39.1
14.7
26.5
17.1
47.3
96.3
62.3
59.3
58.9
35.3
47.1
19.3
89.5
63.3
12.7
95.1
57.7
33.7
22.1
10.5
43.3
55.3
12.7
41.5
49.9
46.3
73.1
33.5
26.9
57.3
17.5
10.9
80.5
95.9
15.1
60.3
43.1
79.7
79.3
18.9
42.9
79.7
25.7
42.9
27.1
31.3
73.7
11.7
46.5
35.9
17.9
57.5
99.1
24.9
60.7
11.3
87.1
13.7
93.3
10.7
23.7
86.7
77.3
62.9
68.9
14.1
94.3
56.5
33.5
94.7
68.7
45.7
76.1
12.1
40.9
81.9
48.3
32.9
69.1
76.9
53.5
24.1
96.7
97.3
18.1
38.7
11.1
58.1
83.7
67.3
64.5
28.1
85.7
10.7
45.1
18.5
34.1
95.7
60.5
99.7
68.7
36.7
37.5
73.5
42.3
79.5
88.5
94.1
74.7
68.1
17.7
38.5
68.5
96.5
10.9
49.9
41.9
60.3
92.1
76.9
72.7
40.7
40.1
81.9
84.3
44.9
100.7
78.7
52.9
48.9
83.7
35.7
61.7
51.9
57.7
52.7
84.9
75.5
50.7
59.7
55.5
43.5
86.9
92.7
45.7
70.7
43.3
40.1
37.1
83.9
75.9
64.9
42.9
16.5
96.9
88.9
70.7
95.3
77.7
32.3
49.1
19.9
34.9
49.1
14.1
65.1
55.7
32.9
38.1
33.1
27.1
12.5
15.9
15.7
98.5
51.7
53.3
13.3
56.7
77.5
13.3
91.9
42.1
32.9
94.1
68.3
52.5
42.7
47.1
61.7
11.3
76.7
78.1
19.9
36.3
39.5
33.7
99.7
58.7
43.5
32.5
65.5
37.5
24.3
90.3
39.1
80.9
43.1
24.1
72.1
88.5
37.9
59.1
101.3
47.1
66.7
75.3
32.5
57.3
40.9
43.3
61.9
27.9
92.3
41.3
35.5
89.9
33.7
99.7
72.1
66.7
16.1
26.5
92.5
70.7
10.9
74.9
47.5
76.1
86.1
93.1
96.7
17.7
48.7
17.1
69.5
98.5
86.3
36.7
96.7
66.5
74.5
48.7
25.1
44.3
54.7
72.5
16.1
53.9
83.9
35.5
92.5
79.7
68.7
99.1
37.5
93.1
92.9
63.1
87.9
95.9
64.3
90.1
47.1
22.3
12.3
18.5
97.3
15.9
18.7
24.1
64.7
57.7
48.5
97.9
91.9
23.7
51.3
77.9
32.1
11.5
34.9
44.3
79.5
52.9
93.5
77.5
22.5
11.9
31.3
12.1
32.3
70.5
47.7
36.5
41.1
72.5
53.5
91.1
100.9
90.1
84.1
65.3
61.3
86.9
44.5
12.3
38.5
74.9
30.9
87.3
91.5
94.5
45.1
43.5
71.9
32.7
25.5
47.5
40.1
23.3
64.5
82.1
14.5
88.3
46.3
13.3
41.9
89.9
36.3
79.7
63.9
95.9
54.7
92.5
68.3
86.9
28.9
50.5
62.1
43.7
13.3
76.7
49.7
96.9
21.7
96.5
47.9
39.3
84.3
60.3
48.7
14.9
14.9
89.5
17.5
25.1
64.5
29.1
39.5
28.1
55.7
55.7
53.3
61.1
54.9
93.5
57.5
86.5
72.1
75.5
25.7
28.9
93.3
24.3
62.5
78.5
93.3
43.9
47.5
72.3
19.9
31.7
36.5
37.3
17.5
29.5
58.9
40.9
36.1
51.3
47.1
27.9
67.3
23.9
72.5
14.5
64.9
70.3
31.5
65.9
19.5
86.7
63.7
95.5
41.7
12.7
70.1
78.7
65.7
54.7
98.9
43.1
23.1
82.7
82.5
54.7
23.1
30.7
89.1
86.1
65.7
11.7
86.1
25.3
62.7
95.3
62.7
21.7
80.5
77.5
18.7
34.3
33.1
44.1
89.1
54.1
78.7
88.9
12.3
47.5
66.9
39.3
25.1
18.3
79.1
52.3
49.1
97.1
36.1
94.1
83.5
56.7
22.5
10.5
79.7
52.3
22.1
80.5
59.7
66.7
26.9
40.3
53.1
72.7
37.3
50.7
56.1
67.5
29.9
12.3
41.1
70.7
82.5
87.9
38.9
80.7
38.5
11.9
10.9
19.9
59.1
35.7
21.9
13.5
62.9
76.5
72.1
55.5
64.5
68.1
88.5
15.1
42.9
85.1
40.3
84.5
100.3
54.7
89.5
48.1
12.1
26.7
90.9
45.9
19.7
89.5
77.3
61.1
95.5
25.5
69.3
48.1
69.7
78.5
28.5
98.9
80.7
21.5
70.3
47.3
68.7
28.7
86.3
70.1
78.3
57.3
95.1
67.1
54.7
72.7
75.1
23.7
67.5
24.3
34.7
41.3
43.9
20.7
44.9
80.1
36.1
48.9
81.9
44.7
94.1
70.5
76.7
18.5
77.5
99.3
84.9
47.9
59.9
66.3
19.3
79.7
25.9
34.7
27.5
86.7
86.5
30.5
11.9
95.7
39.7
72.3
18.7
26.1
88.9
95.3
90.5
48.7
88.7
70.3
27.3
96.7
46.3
15.3
19.3
52.3
99.7
72.1
61.1
82.3
69.5
99.9
63.7
20.9
14.3
60.5
11.9
34.9
52.9
24.1
24.7
67.7
49.9
20.9
63.7
79.1
45.9
21.1
23.1
63.3
27.1
59.9
93.3
15.7
41.1
100.3
33.9
98.9
55.1
80.1
68.1
86.1
22.3
92.7
87.1
50.1
55.1
32.9
39.9
14.7
47.1
18.9
15.9
41.1
30.3
97.3
65.1
33.5
28.5
26.3
74.3
17.3
16.1
10.7
68.7
80.7
17.1
33.1
31.9
90.7
72.1
18.3
73.9
67.7
38.3
98.5
24.5
62.7
91.9
36.7
35.1
80.5
15.9
61.3
50.5
19.1
11.3
40.1
45.9
32.1
71.9
69.9
21.5
14.7
46.1
89.7
18.5
29.3
52.7
55.3
37.9
17.5
55.9
14.1
55.7
36.3
40.7
94.9
99.9
82.1
69.7
23.3
47.7
16.9
39.3
96.3
87.5
86.5
67.1
90.9
76.5
45.7
67.9
29.7
34.5
87.5
23.3
30.7
61.7
59.9
29.5
86.9
10.3
70.7
68.3
32.3
68.3
101.1
18.9
20.1
88.7
74.3
78.1
18.3
30.7
72.3
66.5
93.5
94.3
36.9
18.9
91.9
20.3
81.1
88.9
89.7
38.5
48.5
29.7
69.5
46.3
38.1
13.7
18.1
70.1
73.9
14.9
57.5
19.5
72.3
77.9
76.7
98.7
100.5
96.3
76.7
82.3
40.9
28.3
37.5
87.5
38.3
56.7
16.9
12.9
82.9
51.3
12.1
43.7
57.7
96.9
72.7
58.7
26.3
96.9
56.9
22.7
73.9
17.9
97.1
30.3
66.7
24.1
35.9
16.3
18.9
20.3
29.9
66.5
61.3
72.3
31.7
91.1
76.3
53.5
88.3
95.7
38.3
79.3
60.3
68.7
28.7
21.1
45.1
96.7
82.1
41.9
45.9
100.1
87.3
92.1
22.1
29.3
60.3
14.3
11.9
100.1
25.3
100.3
56.1
48.9
54.7
36.5
11.1
89.1
45.3
17.3
18.7
59.3
30.5
24.7
92.5
52.3
77.7
71.1
48.1
56.9
95.1
56.1
79.5
12.1
50.1
83.5
100.7
38.9
33.9
99.7
36.7
83.5
17.7
76.5
65.1
70.5
23.7
64.9
56.7
36.1
15.1
27.1
35.3
92.9
56.3
75.1
85.7
98.9
98.7
49.1
65.1
21.9
78.1
21.1
67.1
20.1
25.3
68.3
63.1
19.1
27.5
32.9
58.5
35.3
19.1
16.1
31.3
71.1
29.1
25.1
91.7
100.7
70.1
64.1
22.3
83.5
26.1
15.7
85.3
34.1
62.3
32.3
80.7
100.1
22.5
76.7
64.1
72.9
78.9
38.5
91.1
23.7
31.5
75.1
50.1
48.3
63.1
48.7
86.5
57.1
46.3
31.3
81.5
20.5
43.3
76.7
93.3
30.5
10.3
22.9
82.7
70.3
30.3
57.1
55.9
40.7
67.1
13.7
21.5
61.7
101.1
67.7
84.5
59.7
77.9
67.5
36.1
67.5
92.1
84.7
73.9
55.1
89.3
28.1
18.1
50.9
41.3
70.7
80.9
23.1
84.1
99.5
19.3
28.7
43.9
52.5
80.9
66.1
67.3
87.7
26.7
57.9
19.9
54.1
20.3
28.9
11.5
22.3
59.1
59.9
30.9
68.7
95.3
100.9
51.9
66.1
11.3
13.3
22.1
22.1
86.9
93.1
53.9
80.7
100.9
62.9
29.9
82.5
67.1
70.3
56.1
50.1
46.1
100.5
73.7
62.1
87.3
59.9
56.3
26.5
39.7
92.1
13.9
56.1
99.5
95.3
51.9
62.1
57.9
37.3
11.7
25.3
67.1
85.5
31.7
26.1
10.7
47.7
29.5
35.7
83.3
34.5
77.9
11.3
61.1
99.3
44.9
51.3
28.5
47.1
67.7
82.1
89.3
97.5
66.7
55.9
18.3
32.9
27.5
64.1
60.9
67.9
15.5
26.5
19.3
24.7
26.5
40.9
58.1
41.1
15.9
67.7
26.1
57.9
57.9
47.1
15.7
58.7
91.3
19.5
38.5
22.5
40.5
91.1
15.9
98.5
96.5
53.9
89.5
63.1
12.9
67.9
69.3
17.7
66.1
46.9
97.1
24.9
39.5
91.9
60.1
68.7
50.5
91.7
60.3
56.9
78.3
49.1
26.1
76.1
12.5
44.1
29.9
94.3
86.1
52.9
98.5
59.9
20.1
86.7
41.1
54.7
50.1
57.9
83.1
33.9
90.3
66.9
81.9
74.9
53.5
36.3
30.1
32.5
49.1
14.3
98.9
99.1
17.5
63.3
77.9
20.5
94.3
31.1
29.3
13.5
83.9
15.5
31.5
99.5
83.3
12.5
86.5
24.7
64.5
64.1
99.7
88.7
75.9
68.3
61.1
47.7
24.9
75.1
100.3
72.1
21.7
86.7
74.7
68.3
31.3
97.1
53.3
82.7
30.5
82.5
18.1
36.1
98.5
39.7
73.5
19.5
64.9
17.5
32.1
53.7
13.5
95.5
15.1
57.9
75.7
85.3
40.1
15.9
37.3
64.9
53.1
84.1
48.9
84.9
96.5
51.9
36.9
41.7
71.7
100.1
86.3
37.7
27.7
36.7
53.7
43.9
24.5
21.5
11.7
78.7
98.1
96.9
54.3
81.7
43.1
88.7
33.7
44.7
18.9
27.5
93.5
87.7
97.1
91.9
93.9
38.3
72.7
55.3
54.1
20.3
56.9
35.9
83.5
90.3
91.7
44.7
53.9
86.3
37.1
31.3
76.9
44.1
78.1
47.1
89.9
28.1
66.9
78.7
39.5
96.5
20.3
96.3
40.3
79.1
56.3
76.9
38.3
33.7
92.7
12.9
98.9
12.7
78.7
70.3
90.3
40.3
34.7
28.1
32.5
20.7
35.5
33.5
16.1
70.5
76.7
36.5
75.5
47.1
11.9
24.1
19.5
37.9
19.9
52.3
46.3
27.3
82.1
18.3
64.5
61.1
79.3
43.1
46.5
77.5
49.1
95.1
64.1
79.7
50.3
74.9
46.1
23.1
69.3
10.5
83.3
84.9
21.3
78.5
52.7
50.3
95.1
61.5
18.5
44.5
25.7
87.3
29.9
50.7
12.9
56.9
64.7
49.5
14.9
20.5
23.3
12.5
67.9
100.7
53.5
69.9
17.3
29.3
40.7
35.9
38.3
60.9
16.5
98.9
94.9
62.1
14.5
83.5
73.9
62.3
26.9
66.1
57.9
87.9
15.1
98.1
76.5
75.3
83.3
80.5
13.5
83.3
96.5
81.3
62.5
