10000
8456.3
4177.1
9010.5
7609.3
5467.7
2186.7
8054.5
7915.5
2116.5
4201.3
4774.5
1381.1
7470.1
8065.5
8194.5
3253.7
1781.7
1852.3
2439.5
6668.3
5351.1
8333.3
5641.1
7767.3
5480.5
9484.5
8641.3
2831.7
1623.7
7265.5
4689.1
1896.1
1599.1
2076.7
3639.3
5831.7
1117.7
9324.3
5587.7
8414.3
7929.3
2482.7
1003.7
8717.5
8779.3
7449.5
1537.5
7055.5
9816.1
1174.3
5704.5
7221.5
4362.3
7094.5
9535.3
4835.7
9216.3
7922.1
9276.5
5680.5
6377.5
2178.1
1738.1
3873.3
7049.3
9967.1
4342.5
5824.1
6726.7
9140.1
4968.1
2132.1
1382.1
8122.3
3440.5
2175.5
3606.7
1724.1
3565.7
5437.5
6792.1
3669.3
1263.7
4208.7
4111.7
6525.1
3488.1
7586.5
4919.7
6650.7
2385.5
3943.1
3021.5
3491.7
1012.3
9141.3
2263.7
7895.3
8986.3
7410.5
8366.3
7305.1
5668.7
5731.3
8744.1
9565.1
9235.1
4258.1
1404.5
9965.1
6304.7
4217.3
4686.7
5369.5
9216.5
2766.7
3849.3
8765.1
5862.5
3712.3
1700.7
5950.5
8969.3
5111.3
9333.5
8540.5
8576.5
1930.1
4204.7
4641.5
5895.5
8804.5
8763.3
3133.1
3880.5
8174.3
3254.7
8514.1
9231.5
1683.3
1272.7
6357.5
6091.3
7810.1
1681.5
6565.3
1584.3
8247.5
7243.3
3828.7
7270.5
6505.7
8933.5
3183.7
5186.1
8597.1
6441.5
4361.5
2039.7
6840.1
6333.7
1007.1
1559.7
1964.5
4229.3
4343.1
5168.5
2786.7
4128.3
7698.3
9909.1
5853.3
8136.1
3729.1
9340.1
4463.3
7756.5
2099.7
3852.7
2451.1
5784.1
5609.5
5165.7
4797.5
6726.7
6444.1
2656.7
7557.3
4360.7
1869.1
8324.1
2767.1
3086.1
7115.5
8398.3
6066.5
1964.5
3296.1
2109.1
5964.7
6373.5
5104.1
1732.5
1384.1
4331.3
4610.5
3007.7
2255.7
1095.7
6547.1
6372.1
5926.3
7613.3
2936.5
7784.3
6545.1
3165.3
6141.1
4869.1
1834.3
6694.1
4912.7
1424.1
8974.3
9695.5
5285.1
5519.1
1969.1
8521.5
9760.1
3125.1
5696.7
3443.5
2271.3
8803.3
2639.7
5025.1
9111.1
6070.1
5336.3
8388.5
4565.5
7248.3
4138.7
5460.5
8516.1
3200.7
3538.1
3365.3
9181.3
5065.1
6252.1
3460.3
5922.7
7884.5
8023.1
1303.5
7685.3
4963.1
6041.5
8573.5
9141.3
9417.3
9808.5
7056.3
8236.1
9677.5
4372.1
6028.3
7043.1
1872.3
9981.3
9059.1
3773.5
5453.1
9772.5
6175.1
4223.5
5740.1
7400.5
7648.1
5491.7
3118.1
8847.5
8503.3
8269.1
5262.3
1607.5
9854.1
4448.1
6695.5
6043.1
9911.3
7490.1
2728.5
9957.1
8668.1
2819.1
4312.1
3374.1
5744.3
3095.3
5775.7
2765.5
9800.3
6349.3
5183.3
5486.5
6257.3
8046.3
3100.5
2056.3
7604.5
7262.1
1597.1
7578.1
1548.7
2487.3
1721.3
8722.5
2021.5
4028.3
5083.1
4010.1
7447.1
7029.1
1884.7
2159.7
3236.5
2870.1
3651.7
6360.3
4460.3
4597.1
7921.1
4868.5
3510.5
6489.3
5034.3
4396.3
8031.1
3910.7
3464.1
5325.5
8029.3
5763.7
5762.7
5677.5
6680.5
6232.3
7208.1
1958.7
8459.5
4368.5
5480.3
8661.3
1212.1
3620.7
9489.1
2976.7
4692.7
8259.3
4743.5
5491.1
7582.5
6049.3
7822.3
3295.5
4592.1
2651.1
6293.1
1827.1
3469.3
2851.5
6385.5
1562.5
1751.5
3701.1
9508.5
1534.7
4863.5
9558.1
8976.1
9741.3
9318.5
4441.3
1871.5
5167.5
5358.3
2238.3
7982.1
6326.3
6702.1
5116.5
6624.5
4676.3
5108.1
7830.5
4241.5
4890.1
9712.1
5848.5
3940.5
2324.1
1900.7
8841.5
4901.1
6487.3
9573.5
3395.3
2951.3
8517.3
3418.3
1927.1
1826.1
5091.3
9488.1
1002.1
8940.3
5913.1
6388.7
3323.7
8591.3
4724.3
5730.7
4360.7
2727.3
5510.5
9447.1
3959.1
6018.7
2854.5
1746.1
1820.7
5357.5
4879.1
3006.7
7965.1
1423.3
1649.5
5030.5
3128.5
9140.1
9974.5
2551.5
8212.3
8637.3
7865.5
5124.3
6602.7
2292.1
8030.5
8165.3
4898.5
3086.3
4758.3
3152.5
3170.5
3946.5
9800.5
2834.1
5155.7
5774.1
1930.3
5601.7
1097.1
2615.1
8699.1
8356.5
6240.1
3378.5
6435.7
1163.3
7974.5
6281.1
8173.1
5058.3
5157.7
3301.1
6985.5
5591.1
2750.7
1996.7
3803.5
9960.5
6920.1
2312.3
2609.7
3142.1
5513.1
6570.5
1570.7
2155.5
4957.3
8733.1
7987.1
2862.3
5527.5
5245.3
4208.5
6633.7
6566.3
4501.7
9294.3
5513.3
6027.5
2277.5
4894.3
3382.7
8151.1
8317.3
7973.1
2517.1
7278.1
1987.5
6264.1
2108.1
8753.3
6663.3
2764.1
4374.7
4142.7
9585.3
4295.1
3120.1
1367.1
7136.5
4959.1
1674.1
7157.3
2412.3
3280.7
7115.1
5478.3
6075.3
8805.5
8594.3
4409.3
5196.7
2835.3
4793.3
4281.5
6198.7
2708.7
3271.3
8805.3
7188.5
1657.1
3123.3
9875.1
6075.1
4364.7
7201.3
5780.3
5666.7
8194.1
2615.7
4029.7
9772.3
2383.5
2157.5
4118.7
9738.1
9004.5
5493.1
4688.7
7222.5
6087.1
4421.5
8029.5
2030.5
1677.3
2975.3
5219.1
5007.1
6851.1
3957.7
6677.3
7921.5
6680.1
4577.1
2697.5
9563.1
9797.1
2537.5
5228.1
8892.5
4405.1
9827.3
7935.5
5268.7
5861.7
8636.1
5272.5
3774.5
6682.3
9047.5
6016.3
3082.7
9147.5
2748.5
2288.7
6232.5
1313.7
3200.3
3336.1
4172.7
3710.3
1652.3
3798.5
6199.7
2242.7
2458.7
6745.1
6683.7
3868.5
3503.7
1549.5
5794.5
4813.7
8117.5
6777.5
5269.5
4828.3
1231.7
5031.3
6234.5
8834.1
9646.1
9983.5
2104.3
4769.5
7829.5
6380.5
7652.3
8324.5
6862.1
5880.3
8847.5
6140.3
5228.5
7330.5
4204.5
2942.5
1813.3
7478.1
1015.1
4161.3
2958.5
1301.3
1070.3
7458.1
4672.3
9125.3
1259.7
7844.5
3510.7
7833.5
5526.5
1192.7
9339.5
2458.5
1580.7
7863.3
6892.1
4521.3
4599.7
8267.1
8237.5
4741.5
9789.3
7588.1
4002.7
7457.3
3569.7
8121.1
8869.1
5232.3
2266.3
2383.5
3027.5
2357.7
2112.1
3419.5
5329.3
4952.3
4503.7
8010.5
3303.5
7611.3
4985.5
6414.1
1235.7
7248.5
7050.5
8170.5
2193.5
5713.7
2016.1
1683.5
7428.1
9216.5
5300.3
9100.1
8791.3
1150.5
9332.5
8334.5
5440.5
2987.1
4635.3
7548.1
6807.3
4322.7
4236.3
9168.1
6281.7
4877.1
3579.7
2788.7
9944.5
1850.3
4875.5
7427.3
4094.7
9032.5
3896.5
9500.5
3436.3
2693.5
3598.5
8034.3
5714.5
4240.3
1230.1
4553.7
3678.5
7647.5
2218.3
4059.5
8698.5
5657.7
3393.1
2790.7
2898.3
4590.1
2927.5
4682.3
6308.3
6687.7
3607.1
3711.3
6736.7
1295.1
2389.5
9315.1
9027.5
9899.5
3046.5
5262.5
8353.3
6512.3
8144.3
4522.7
4438.5
6923.3
4504.3
5133.3
3957.1
2200.7
1650.3
7520.3
1698.7
6738.3
3888.5
4025.1
4636.1
4107.1
5358.7
3628.5
8606.1
2516.7
7551.1
8669.1
1724.3
5480.3
9648.1
1907.3
3267.3
5577.3
4975.1
8697.1
6648.5
5480.5
1674.3
5276.1
3590.5
4251.5
5828.7
1911.5
3949.3
6093.5
9214.3
7386.1
2850.3
4191.3
7486.5
3821.1
1859.3
2313.5
9870.3
1887.7
6724.7
4436.1
5388.3
2623.3
8983.3
3431.3
5464.3
5486.5
2930.5
5968.5
2230.1
4641.1
3763.3
1169.5
3140.5
2692.5
2515.3
3849.1
3453.5
6501.1
2187.5
5628.1
5420.5
1546.1
2212.7
5093.1
7625.3
3048.7
3379.1
2910.3
5257.3
7789.1
9039.3
2688.5
9409.1
8367.1
5028.1
5731.5
4814.5
7779.5
8724.5
3084.3
3907.5
6766.5
5409.3
1939.3
4656.7
5564.1
2442.5
6282.3
2472.5
4640.5
9703.3
2898.1
3711.3
6102.3
7905.1
3685.5
2055.3
1884.3
9273.1
4150.1
7481.3
5408.1
7103.5
8863.5
5978.5
2291.3
8409.1
3455.3
1605.5
5733.1
8474.1
8873.3
2882.5
1045.3
9265.3
8172.1
4263.5
9956.5
7191.3
3222.7
9758.3
2607.3
5030.5
4258.3
2222.1
7843.1
2224.3
3328.3
5075.1
4159.7
2588.3
5311.5
2430.5
3507.3
7295.5
3718.5
4476.1
7619.5
2644.5
9232.1
1436.5
8036.5
6655.3
5158.7
2108.1
7346.5
1749.1
3274.5
2696.1
1325.1
4463.1
6987.1
9493.3
7808.1
3677.1
2317.1
5015.1
5299.3
9295.1
9312.1
8290.1
4713.1
5880.3
4165.7
8922.3
2060.7
8880.5
3422.5
8892.1
7643.3
4995.5
3949.3
1067.1
9536.5
4567.1
3408.7
5611.3
3069.7
2311.7
1912.7
3384.3
3166.3
1847.7
1592.5
2407.1
5712.1
9182.3
2240.1
4080.7
3691.3
1121.3
2572.7
1852.3
2044.1
3434.3
5272.5
3464.7
4495.7
1473.3
8782.5
1224.3
8016.1
9219.3
5519.5
5720.1
7822.5
2160.1
5496.1
4435.5
9219.1
5081.5
1777.3
4153.5
7132.5
6993.1
1403.7
5072.7
7391.5
5524.3
4452.3
3809.5
5216.5
8833.5
9156.1
7227.3
2952.5
1042.5
1980.7
1968.3
5454.1
9343.5
5247.5
9555.5
7224.3
3577.7
9114.1
6012.1
3935.3
7739.1
6228.7
2933.1
6158.1
6980.5
4111.3
5523.7
5087.3
7490.5
2189.3
9544.3
5219.3
9719.5
4636.1
4813.3
9758.1
3145.3
5572.7
8424.1
1305.5
5468.1
4136.3
7564.1
2321.3
2817.1
4673.3
9741.5
8822.3
7540.1
4456.1
4256.1
4895.5
7726.5
1232.3
3301.3
6317.5
5905.7
8653.3
8179.1
9645.5
3225.3
1656.7
8248.3
1694.3
6984.3
2027.3
7868.1
1943.3
4189.5
5154.1
8527.3
4334.3
2503.7
7133.1
5545.7
2403.5
4166.7
9323.3
5718.5
5961.3
7373.3
3531.3
5456.7
6410.7
5900.7
5365.3
3750.5
9197.5
6490.7
7164.1
9025.1
7336.5
4266.7
9858.5
4393.7
4387.3
6572.5
3357.1
1677.1
9088.1
1919.5
4457.3
3403.5
3101.3
6624.1
1629.3
2607.7
4224.3
6191.3
9335.1
8967.1
2626.1
5783.3
4581.1
3251.5
4400.7
2158.3
9828.1
6800.3
3895.1
2105.1
3958.7
8366.5
8672.1
2737.5
6018.1
2968.3
4696.3
3941.5
9912.3
4640.5
1483.7
6178.1
3390.7
2229.3
8503.3
4860.1
6303.5
4901.1
3284.3
8637.5
9018.1
5042.5
1399.1
5747.3
9403.3
2267.7
4002.3
4049.3
1997.3
7049.5
1870.1
1152.1
8317.1
6672.3
3145.5
4179.5
1531.3
3566.5
1621.7
3819.7
3466.7
2551.7
4346.1
1686.5
4502.3
6257.5
6267.5
6454.3
8096.3
9035.5
7536.3
2309.3
6324.5
2517.5
6695.5
7975.3
9287.5
4766.3
7333.3
3707.7
7889.3
9876.5
1648.7
7240.3
5367.5
9633.5
8169.3
7722.3
7907.1
5034.1
2464.1
2902.7
2827.3
1901.3
3163.3
5996.1
3276.1
3755.3
1955.5
9384.3
6498.5
3488.7
1381.1
9428.3
5081.3
2041.1
4231.3
1915.3
5547.1
9229.5
5192.5
1625.7
2160.3
6967.3
1062.5
3716.5
3202.7
2573.3
7899.5
5379.5
5822.3
9821.3
3416.1
1391.5
3348.1
8636.3
5580.1
5069.3
6836.5
7834.1
8728.3
6128.3
8497.3
3196.3
7968.3
4035.1
2053.5
5336.3
4618.7
7522.1
8817.5
2773.5
6598.5
9180.1
9640.5
9089.5
4833.7
4428.3
7704.3
3041.3
2178.5
6519.7
5596.7
1628.1
8976.5
2988.5
4644.3
5100.7
3985.3
5459.7
4422.5
3146.5
5573.5
1670.7
6634.7
4555.7
6363.5
9592.5
3116.1
1141.5
6238.1
6480.1
1928.1
7973.1
2782.5
3628.3
1268.5
5021.3
2221.5
8726.1
4539.1
4984.1
5830.3
1866.3
5426.3
3765.1
1706.7
3367.3
1590.5
6569.7
6455.1
4073.5
5206.5
3129.3
3552.1
5199.1
4177.3
4826.3
8615.5
4614.5
7082.1
6274.5
2130.5
1981.7
6563.1
5096.7
3193.5
9824.3
3922.5
8386.1
1614.7
4698.3
7405.3
1804.7
1126.1
4558.5
2210.7
5317.5
4535.5
7469.5
4850.7
4010.7
5806.7
5469.3
6239.1
1059.5
5852.3
1699.3
1480.7
3261.3
3221.1
8036.5
9638.5
9094.3
9111.3
1422.5
1129.5
2281.1
2726.3
3733.3
5355.5
4348.5
1703.7
5169.5
1487.3
2542.5
3320.3
9793.1
5191.7
6157.1
6221.3
6441.3
2344.7
3318.7
8017.3
4559.3
6505.7
9994.5
9196.1
1600.1
3862.5
2509.3
8425.1
5379.3
3351.3
2272.1
3352.1
9232.1
1063.5
3179.5
2260.5
8212.3
1725.7
6857.3
8777.3
2699.5
2529.3
3456.3
7351.5
8181.3
1786.7
9756.1
6356.1
6465.5
6785.5
1552.1
6334.5
1372.7
2574.5
5535.1
2436.7
3361.5
2193.1
7913.5
7389.1
2049.1
6485.5
6558.5
4630.1
9577.3
1587.5
6551.5
9357.3
9468.5
9836.5
9700.5
9720.3
2353.3
3530.3
6738.7
8370.5
1924.7
9052.1
6606.1
3129.5
8927.3
4905.7
9995.1
3930.7
7531.1
4479.7
2892.7
3964.3
3884.1
3132.3
1214.1
7258.1
8575.1
4654.3
5949.3
1784.3
5595.5
2182.1
1612.3
1559.5
2063.3
9893.5
2682.3
5486.3
3696.5
7515.1
3208.3
1746.3
1579.1
4214.3
6273.3
3034.3
6481.3
5700.7
1559.5
4189.5
3070.1
7602.3
1760.7
3059.5
2869.1
2833.7
2141.3
6388.5
7834.5
3407.3
6049.3
3488.1
3926.5
5883.3
7271.1
4860.3
6213.1
2744.5
6213.7
4627.3
1501.1
6298.5
3679.1
6830.3
9881.5
6380.7
2104.1
4691.5
7518.5
1186.3
5856.5
7478.5
6614.1
9258.1
8675.1
9545.1
9986.5
1711.1
1056.7
9826.3
9064.3
5169.1
5244.3
4779.5
5713.7
8456.1
6601.1
6233.7
5481.5
6647.3
7189.1
8528.3
2336.5
8186.5
1123.7
4652.5
9095.1
4531.3
3288.3
6021.5
3403.3
4936.3
4421.3
2846.3
5907.3
9406.5
4246.5
7366.5
3113.3
6262.1
3252.5
7357.5
2148.5
8537.5
6229.3
3231.1
4070.7
5983.7
3367.7
2571.5
4026.3
6496.1
7641.5
2402.5
5451.1
1274.3
4150.1
3464.5
6430.3
4348.3
6028.1
3545.3
9530.5
2014.7
8486.1
9090.5
2813.7
8117.1
4337.1
1009.3
7926.1
6710.5
4476.5
4458.5
6563.1
3219.7
1245.1
3310.1
4614.3
8513.1
4736.7
8278.5
1418.7
4595.1
3086.7
9302.1
3886.1
7450.1
2119.3
2729.3
5920.5
2626.3
4367.5
1382.3
3736.3
8746.1
8208.5
9925.5
7552.5
4160.1
1414.1
1852.7
6072.5
6542.1
9641.5
3581.7
4429.5
2095.5
1610.1
8786.1
4226.7
1940.5
8329.5
2676.3
3054.7
5888.1
8120.1
2637.7
9659.3
7855.3
9024.5
2125.1
7721.3
4565.1
6368.3
5481.7
2656.7
5772.1
6143.3
4047.3
5225.3
2183.5
7727.1
9047.1
7170.5
6324.7
2587.7
4868.3
1697.5
8451.3
8188.5
4024.7
7234.5
4127.5
8696.5
3835.3
7213.3
5726.5
8172.5
3359.5
8757.1
5894.1
8789.5
1548.3
4868.3
5772.1
8930.3
3097.5
3367.7
8233.1
1072.5
5133.5
4054.3
3713.3
3834.7
1634.1
3107.7
5826.5
9085.3
2201.3
2966.5
1213.7
5621.7
8697.1
5995.5
3721.1
9553.1
9509.1
5060.5
5337.5
5930.7
6543.3
2198.5
8524.1
6027.3
4342.7
7756.1
4494.3
1734.3
9611.1
3212.5
5286.1
4174.3
9780.1
2617.3
3206.5
8077.5
8727.3
4741.3
1897.7
3594.3
5151.1
3186.5
1188.3
6631.5
4364.1
2837.3
1924.5
5069.3
5430.5
8349.5
2118.5
5154.5
3335.1
4213.5
8959.5
8049.5
2537.1
1660.7
1622.3
2540.5
6233.5
3035.7
1884.5
2319.1
5092.7
4611.1
4238.1
9636.5
1502.7
5196.1
2120.1
2507.7
2266.5
2429.5
4114.1
1246.5
7893.1
9357.5
1671.7
1818.3
2019.5
6954.1
5110.3
4916.1
1477.1
5528.1
4675.7
7561.5
2437.1
4685.3
3217.7
3885.5
9484.3
7891.1
1470.3
3073.5
9334.5
6616.5
3314.1
8471.3
3739.7
4336.5
2157.7
7612.3
6783.5
5889.5
2608.1
5044.3
1978.1
5359.7
3680.5
5829.7
6676.1
7397.3
4760.5
5361.7
1543.5
6139.3
8936.5
8965.1
2267.5
3344.1
6451.5
2618.1
4240.1
7627.5
2041.1
2634.1
7511.1
2038.3
2819.3
5621.5
5044.3
6231.1
5872.7
7922.3
1915.7
9110.1
6694.3
1910.5
9682.5
1148.3
6462.5
2763.3
5779.7
4028.3
6389.3
9124.1
9179.5
1249.5
9029.3
1352.1
3703.5
1509.3
1431.7
2429.7
9979.3
2771.3
2619.5
8189.1
8611.5
6697.1
7781.1
3905.5
8389.5
8745.3
2682.1
4845.1
1329.5
6287.5
5269.1
1279.7
2602.5
4063.7
3785.7
7271.1
7863.5
7843.5
2493.3
6972.3
1622.5
7565.1
2265.3
6746.5
5400.3
2406.5
2146.7
9494.3
9479.5
5647.3
9721.5
3319.7
7775.3
8768.5
1395.5
1450.1
1284.3
8188.1
9322.5
8252.3
6670.5
6442.5
7172.3
2129.3
7464.1
5117.5
2678.1
1400.3
2972.5
5430.5
6207.3
6924.3
8713.3
6055.5
4980.3
5566.7
6228.3
5380.5
3984.7
3359.7
2117.5
5784.1
9649.3
7777.5
8656.3
8014.5
8737.5
3227.7
5130.7
6900.3
5727.7
4408.5
8268.3
2479.1
3348.3
1278.5
7826.1
1357.1
1485.1
9131.1
2603.7
3259.3
6307.3
9078.3
2355.1
3136.1
1767.1
7928.1
8508.3
5895.3
4981.5
7822.1
3869.3
1980.3
4497.5
4767.3
3592.3
2849.7
9286.5
7693.5
2103.5
2429.1
2386.3
9275.3
2433.3
3952.5
7918.1
9564.3
1312.1
2331.1
6047.5
3130.5
6936.1
3921.1
8978.3
3071.3
3818.3
4783.7
7777.3
2165.7
5776.5
1299.7
2574.3
5285.1
5541.3
3006.3
3853.1
1422.3
8901.5
3278.1
3163.1
7906.3
8270.5
7354.3
4342.5
5505.7
3693.7
2474.5
1639.1
2894.5
7914.5
9562.3
2699.1
1233.7
6658.3
6128.3
5044.3
6623.7
6674.3
3885.5
3883.1
7721.1
4017.3
3767.1
2609.5
6932.5
8773.5
3133.3
8623.5
1807.7
2583.7
5716.3
1427.5
4475.3
2998.7
2461.7
9366.5
6151.5
9493.1
6311.1
9681.1
9728.3
5156.3
4304.7
1859.1
9204.1
2382.7
2179.1
2736.3
6465.7
3089.1
5127.1
7285.1
6787.3
6199.1
8651.3
7810.5
7728.3
2272.3
3370.1
6676.5
4384.3
4625.7
6642.1
9483.5
5554.1
3494.1
2277.1
4018.5
5722.3
4553.5
7607.5
5848.7
8831.3
4457.5
1555.3
3438.5
5258.1
3934.7
6788.5
3927.1
8406.1
7596.5
1930.1
6669.1
6190.5
6500.7
2363.5
2304.5
9479.1
2875.5
4991.7
4202.7
3834.1
2458.5
6948.5
1905.7
2368.7
1085.3
6119.3
2884.1
4657.5
4750.5
4335.7
5828.5
4518.1
1773.1
4341.3
2608.7
3783.5
3353.3
7730.3
6662.7
1329.1
1264.7
3453.5
6517.3
6450.7
3260.1
5967.7
5627.3
3534.3
2953.1
1952.1
5885.3
4007.1
7496.5
4349.5
9914.1
3401.1
7641.1
5985.1
6100.7
3557.7
4942.1
5355.3
9240.3
2178.3
8955.5
1895.5
1328.7
1323.7
7662.1
6193.3
3330.7
2900.1
5525.3
1828.7
6565.3
8252.1
2617.7
7113.3
3955.1
6792.3
1772.7
2530.1
1959.3
5678.3
1835.5
4211.5
6894.1
5265.5
3390.3
5671.7
4005.3
8953.3
5964.1
3406.1
3581.1
8980.3
1858.1
4953.7
2583.5
6121.5
9330.5
2719.7
6259.1
8094.3
4408.3
1689.3
4339.5
8500.1
6577.1
1103.1
6635.7
4460.5
4370.7
4448.3
4921.5
6552.7
9558.3
2256.5
8113.1
1298.1
6397.7
1648.3
7784.1
8832.5
6337.1
5348.7
8521.3
9405.3
1762.5
7225.1
1379.3
5343.1
7514.5
9445.1
5946.5
1432.7
5009.3
7936.1
1626.5
7499.5
1178.1
6357.5
2598.1
7292.3
2149.1
3165.1
4527.5
4496.5
4190.3
8323.3
1240.5
8970.5
7028.1
7951.1
9117.3
3580.7
1564.7
9104.1
7838.3
1243.5
2955.1
5212.5
2749.1
3616.7
4115.7
6913.1
5236.7
1983.1
4024.7
8440.3
7001.5
5719.3
6149.5
2120.7
5768.5
9116.5
5635.5
9171.5
6318.3
5836.1
4478.1
1371.5
3591.7
6476.1
8305.5
6820.3
3943.3
5278.7
6069.1
1536.3
8485.1
7834.1
3381.7
6099.3
3748.1
6436.5
7721.3
5262.3
3147.7
5418.3
6450.1
6810.5
6295.5
8850.5
2900.7
2288.7
3888.7
5543.7
7367.1
4400.7
7864.1
4825.1
2378.1
4715.1
8119.3
5141.5
4260.3
5231.3
9755.5
4933.7
3546.3
2336.5
7818.3
8589.3
9993.1
5099.1
2454.5
6520.1
2662.7
1748.7
1334.1
6662.5
6177.1
4394.1
4367.1
2216.3
5827.3
2110.3
7873.1
5494.5
3536.5
7052.3
7754.1
4882.1
8066.5
4317.5
3949.1
9783.1
4818.3
4667.1
6538.7
8483.5
5614.7
9312.5
9073.3
2701.7
6399.1
4162.1
1207.7
8279.5
1190.7
1983.5
3392.3
4949.1
5397.5
8570.3
9627.3
3366.3
8300.3
4483.7
3569.5
4200.1
1875.7
2828.1
5603.5
3116.5
5636.1
9966.5
6613.7
1818.3
1203.1
1107.3
2305.1
9791.1
9341.5
7393.5
5889.1
5913.1
2514.3
2978.3
3369.1
4759.7
3538.3
1226.7
7262.3
6354.1
2371.3
7158.3
5215.5
6247.1
1376.5
3367.5
7175.5
6969.5
8714.3
2168.1
5287.7
5802.7
2458.3
6335.3
2226.1
9450.3
7006.1
9509.1
5385.1
5415.1
5538.7
4626.3
6079.5
1565.5
1082.3
7971.3
3620.5
6463.7
6917.5
6327.7
7054.3
9733.5
5487.3
6246.1
8062.1
4261.7
3331.3
6135.3
4059.5
9359.3
1977.1
4247.3
2704.3
7143.3
6821.5
6980.3
1897.5
5424.1
4883.5
3324.1
7835.3
1076.1
9705.5
1944.7
2801.1
8258.5
3447.3
2067.7
1605.7
6057.1
9461.3
2255.5
5287.7
6724.3
4435.1
6422.3
2647.7
6449.5
2414.7
1513.5
5993.7
1532.7
3190.5
5980.5
6305.1
9798.1
3465.1
1048.1
8553.3
5327.5
6323.7
4513.3
2738.3
5189.3
1553.1
6106.3
2681.5
9662.5
3785.5
5168.3
3760.1
1430.5
3044.5
2865.3
4592.1
1568.7
2268.3
9250.5
5420.3
9069.3
5801.3
4585.3
3630.7
5671.3
9416.1
2015.3
1800.7
7590.3
3641.3
3336.3
9056.1
5998.1
6650.3
9005.3
4730.7
8331.5
8543.3
1280.5
9924.1
5993.1
1339.1
7202.5
7836.5
9342.1
4233.1
3365.1
3062.5
6762.1
7108.5
5026.3
2910.5
8547.1
2173.5
5316.3
5026.1
5795.3
6607.5
5271.1
9396.5
3508.1
1517.7
4229.7
7674.5
4645.7
5547.1
7233.3
3177.5
7009.3
8285.3
1231.7
9437.3
4311.5
5479.1
5545.1
1784.3
6771.1
5333.3
9848.5
5376.5
2401.1
1907.7
2317.1
1378.3
4000.5
8137.1
2026.3
2172.7
5705.3
1257.5
8401.5
7850.3
5761.7
3717.1
2467.3
8790.3
9964.5
4530.7
2129.7
5763.5
6186.5
8139.3
1073.1
4240.3
1925.5
6880.3
9365.3
6641.1
6864.1
8572.1
7230.5
3384.1
6367.3
4218.7
7426.1
1636.3
6944.3
7037.3
3922.7
2646.7
4513.3
4222.1
8267.3
3944.3
5428.7
4133.7
1206.3
9720.3
1488.1
7658.3
6602.7
9665.3
5225.5
9915.1
6101.7
2523.3
2986.5
7048.1
8275.3
2701.7
1692.1
9924.3
6081.1
3103.1
8085.5
6425.7
6390.7
8758.3
1353.3
6910.5
8035.1
6959.3
5643.5
6954.3
7761.1
5486.7
7812.5
7288.3
6189.5
4656.3
4830.1
7876.1
1058.7
9849.3
6183.3
3398.7
1140.7
6119.3
1188.7
2851.3
1154.3
4752.7
4022.3
3046.5
9850.3
7432.3
1292.7
2742.7
7459.1
1838.7
4131.5
7003.5
3572.3
6026.3
5298.1
9207.3
7514.3
9777.5
6141.7
4975.1
4515.5
5199.1
5617.1
3199.3
5409.7
5543.1
4807.7
6302.5
8196.5
1500.3
6774.5
5227.5
8385.5
4138.7
8783.5
5578.7
9814.3
3908.5
2036.7
7222.1
9441.1
9234.1
5341.7
6782.3
3568.5
5643.1
3287.7
6099.7
9130.3
8669.3
6045.1
1442.5
3168.3
4355.3
8551.3
2476.7
4536.5
8524.5
3481.1
3078.3
6860.1
1546.1
7296.1
8945.5
9554.3
5459.3
7833.5
5843.3
4897.7
6477.3
6910.3
2272.3
9585.1
5616.5
9980.3
5925.1
8179.3
7774.3
1905.5
1053.3
8710.1
4041.5
6139.5
7621.5
5250.1
1007.3
2116.1
1623.5
1587.7
5303.7
3340.5
5395.5
2376.5
9543.1
9380.3
1606.1
8283.5
2104.1
4722.5
3909.1
5618.5
1487.3
4582.5
5611.3
5408.7
6626.1
4498.5
4325.3
1439.5
2261.7
7055.1
4381.5
5863.1
2030.7
5910.7
4421.7
9985.3
8209.3
5401.7
6683.7
3921.1
7177.1
9624.1
4609.7
5815.5
7653.1
6673.3
7941.3
3398.3
6489.3
8931.5
3295.3
3138.7
4932.1
3502.7
6548.3
7639.5
6984.5
5746.3
5329.7
2744.5
8589.1
5181.1
5168.1
6932.3
9799.5
7536.1
3205.5
1182.3
8891.1
3981.7
8237.3
3689.5
1995.1
2557.5
1289.5
3126.3
1210.5
2892.1
4451.1
8760.5
2521.3
3100.3
1970.7
9214.5
5210.3
1666.1
5230.1
6031.5
6376.3
3033.7
6731.7
9606.3
3175.1
8278.1
8394.3
1231.1
8530.1
9418.3
3315.5
6306.1
9154.1
5037.7
6993.1
3723.3
3105.1
5003.1
1985.3
9147.3
1425.5
2834.7
1531.5
9670.1
4662.3
5331.3
1354.5
1482.7
5597.1
9676.1
6163.7
9316.3
4807.3
1302.1
3305.7
6655.3
4317.3
5647.5
3574.3
2109.3
9963.5
1825.1
1776.1
7171.1
8742.5
8532.3
5493.7
9650.5
3640.7
9045.1
7697.1
5305.3
6680.7
1545.7
3115.3
3224.5
4632.3
1122.1
5611.5
1938.5
2302.7
1380.3
1628.3
2721.5
6540.5
4248.5
2277.3
1642.5
5951.5
6374.1
2588.1
9121.3
3800.3
4016.5
7361.1
8712.3
4275.5
6501.3
8816.3
7538.1
7464.1
1163.3
1638.5
1910.3
6467.1
9913.1
5263.5
2967.3
4178.1
2432.1
7590.5
7458.5
3886.5
5712.1
5562.1
5217.7
2098.5
1668.5
7852.1
1675.3
4656.1
5148.5
6911.5
7322.3
3829.5
9118.1
8526.5
6221.3
6544.1
1763.1
1932.3
4255.3
3286.5
6536.3
6476.7
5394.5
3745.7
3898.7
3336.5
1468.5
2830.3
3380.3
9357.3
8511.1
2841.1
1905.3
4206.3
9743.1
6793.1
6588.3
9684.5
6744.1
7949.1
4910.5
2559.3
3271.5
7566.3
3244.5
6180.5
5871.3
7745.1
3978.7
1883.5
1873.7
2786.7
2264.7
3325.3
6777.1
2292.5
3716.7
6062.7
4509.1
4384.7
4015.5
4189.1
3211.1
9069.1
3747.5
3633.5
3035.7
6725.5
1953.7
4114.5
3957.7
5453.1
6441.7
9439.3
4499.1
7078.5
6144.3
7209.1
4192.1
5953.1
7291.1
3774.3
9205.5
6426.5
1616.5
8812.5
1492.5
4584.1
9421.5
3467.3
5900.3
7890.5
1315.5
9349.5
7032.3
2345.7
5567.3
2749.3
9509.5
7722.3
1116.3
8230.3
4251.3
9970.3
3303.7
1758.7
6569.5
1930.3
1022.3
6481.5
8598.1
4413.7
2980.3
7076.3
2560.1
3461.7
8317.3
7715.5
8801.5
3504.7
1612.5
4709.1
3659.5
6952.5
3950.5
1249.3
7799.5
4325.1
2771.3
4823.5
5609.5
6933.5
4647.1
6564.3
1738.5
4171.5
2371.1
9563.3
3484.7
4239.1
4015.5
3018.1
7856.5
6483.7
8580.1
7325.3
3521.1
8639.1
8255.3
5561.7
4844.7
4283.7
1201.5
6010.3
8310.3
8436.5
2753.3
6583.3
7458.3
5126.5
7310.3
3424.5
1519.7
9001.5
4280.5
1868.7
5357.5
6139.1
8357.3
4253.5
7518.5
3381.1
4419.7
1119.3
8090.5
2688.3
6695.1
7655.5
1872.1
1023.5
2246.3
5563.3
1123.3
5088.5
9645.3
8661.1
6872.3
2229.7
6017.7
7959.3
9838.1
1451.7
2683.3
5487.7
8396.1
1590.1
4151.1
3581.3
2166.1
3125.3
7226.5
1539.1
1677.1
7756.1
6461.3
6002.5
8306.3
6731.3
2243.7
7271.3
5668.5
6413.5
2801.5
4674.3
7784.1
6726.1
5710.5
9317.1
2106.5
6244.7
1666.7
2966.7
5888.7
4174.3
9462.5
8249.1
7423.3
8687.5
1379.5
2645.7
4873.1
6259.7
4017.5
9256.1
5240.1
8788.3
4825.3
5099.7
3631.3
5420.3
5161.3
9737.3
9170.3
3391.5
4594.7
6538.3
1562.3
6176.7
2709.5
6463.7
3510.5
6652.1
4085.1
4884.3
1384.5
2336.5
8237.1
6838.5
1997.7
8474.3
2956.1
3165.5
1774.5
5545.3
8084.3
7541.5
5687.1
2160.1
3357.7
4058.7
3312.7
8738.5
1985.3
5685.5
3669.5
7566.1
8226.5
6009.3
9319.1
7000.1
9270.1
6890.5
6082.7
7941.3
9115.5
2731.1
6515.1
3095.3
1201.3
2155.5
2249.3
3219.5
8860.3
2986.1
7522.1
7690.3
6087.7
5364.5
8769.5
1873.7
6072.7
8745.5
1185.7
5544.5
8037.3
5582.3
8432.5
5334.3
7991.3
7161.3
5792.7
4989.3
2322.1
9514.3
5793.5
1566.1
4464.7
6979.1
3822.1
6541.7
4567.1
5232.5
6342.3
2685.5
7701.5
5933.7
5182.7
1510.5
7704.1
1295.1
6443.3
3130.1
1670.5
1471.1
1971.1
7869.5
1181.3
6255.7
4458.3
8587.1
4113.3
5279.7
7549.3
8283.5
8115.5
9319.1
7880.3
3065.7
4305.3
4548.3
7968.5
7114.3
8621.1
5163.5
7646.3
5421.7
8785.3
5226.3
4880.7
2232.5
4983.5
7263.3
5698.1
9743.5
8552.3
3296.3
9038.3
6618.1
5362.3
7071.3
9018.3
5769.5
2743.5
2335.5
5334.7
6425.7
3908.5
8887.3
6318.5
9175.1
4260.7
9576.3
9207.5
6953.1
2193.5
1880.1
3032.3
8473.1
6110.3
5120.5
6392.3
6485.7
1460.3
1737.5
2258.5
9962.1
9276.3
9199.5
7816.3
3634.5
1300.1
5287.5
4351.7
1819.7
1196.3
3048.3
7954.5
9604.1
9806.1
6868.5
5055.3
1478.3
9828.1
9413.5
5438.7
5073.1
8664.3
5438.7
1877.5
5966.7
2836.1
5028.3
2376.7
7777.5
4273.3
3549.5
5060.1
3882.5
1332.3
5374.5
9385.1
4107.3
3560.5
9701.1
6437.7
8467.5
5245.3
6584.3
4862.3
2939.3
5217.5
3745.1
8305.1
8293.1
1488.1
3861.5
6155.1
8898.5
7485.5
7905.3
5526.3
9231.5
1585.7
7107.3
9319.5
4786.3
4344.5
6361.5
7830.5
5568.1
2902.3
1994.5
2942.3
6163.1
7955.1
3235.5
7755.5
2462.5
2826.7
6560.3
8632.3
7668.3
1574.3
1128.5
9017.3
1720.3
4889.5
7704.5
7262.3
7961.1
6893.3
5001.3
6592.5
2911.3
5844.1
2199.1
6351.7
4596.7
9140.1
5671.5
5977.1
2397.1
5333.1
3685.3
4042.3
1568.3
4905.1
4116.7
4285.7
6581.3
9040.3
5809.1
4193.7
8429.3
4911.7
3164.7
1116.3
8888.5
4076.5
6406.1
4724.1
5262.7
7198.1
9753.1
1896.1
8679.1
8854.1
1892.5
2198.3
5404.7
5967.5
7808.1
3469.5
4010.5
2663.1
6286.1
6356.1
2731.5
4612.1
5405.1
1983.7
8623.3
2443.1
4143.5
2828.5
7270.5
2511.7
3600.5
5792.1
1417.1
9552.1
6180.1
7923.3
4619.1
4018.7
6782.3
9056.3
7461.1
1488.3
9695.5
9998.5
1579.5
5149.7
5462.5
5953.1
9541.1
3858.3
5852.3
5442.5
6703.3
3585.3
1285.1
1306.5
6410.7
3522.1
2296.3
5470.5
3114.1
6503.5
3777.1
5971.3
2012.3
7512.5
1924.3
5061.1
2079.3
1229.1
3780.1
2364.1
4976.7
4316.3
8094.5
6947.5
4893.3
3320.3
2864.3
3872.3
9439.1
9051.1
1886.7
2681.1
6703.5
5884.3
3249.1
6209.5
5262.1
5926.1
9512.5
6641.3
2586.7
9558.3
3637.3
3553.1
2343.1
8786.1
6750.3
6758.5
6037.5
8837.1
3800.1
3914.1
8673.1
7834.3
6793.5
4893.3
2763.5
3954.5
5371.1
9876.3
1651.1
8829.5
6347.3
9635.3
1829.7
1876.3
3381.5
3624.5
7578.1
5997.5
3186.1
2746.3
4129.1
8656.5
2422.3
6469.5
3397.5
8192.5
6986.5
5693.1
6294.7
9099.5
5963.1
9770.5
1843.7
8465.3
9947.1
2802.3
3245.7
6543.7
2171.7
4116.5
5677.7
6178.7
6931.3
1922.5
8589.5
4239.3
7839.5
1983.3
8489.3
3478.1
1993.3
4314.7
7413.1
2563.3
3740.5
3091.5
7891.3
1417.3
1408.5
4722.3
4293.3
9822.1
7987.5
2200.1
2985.5
8563.1
9686.1
7995.1
8038.3
5887.7
2995.1
9484.1
9982.3
6781.5
7026.3
7817.5
1124.1
6199.3
3372.3
4219.3
4148.3
9097.3
1763.1
6459.7
6458.1
5884.3
7264.5
5826.5
4095.1
4134.5
3777.5
3530.5
3411.5
4413.5
6895.1
8038.1
3910.3
4171.3
1594.7
2676.7
6011.1
1099.5
3224.1
4133.5
9112.1
1010.7
1231.3
9941.5
9518.3
5290.5
2333.1
5239.1
6501.1
7451.1
1067.1
6182.3
9454.3
8001.5
2263.7
1050.5
5068.7
2652.5
4299.7
6918.1
1375.1
3536.3
6598.3
7559.3
6456.7
9502.3
5944.3
1878.3
6676.1
4601.1
6547.7
6428.5
1871.5
6402.7
2362.1
5039.5
4198.7
6595.5
9904.1
9216.3
1510.3
6362.1
1931.3
2367.3
3468.3
5847.3
1080.1
5644.3
1835.5
9737.5
5633.5
9337.3
3610.3
6690.1
4549.3
2538.5
5189.3
8692.1
6511.5
3809.5
4184.3
6127.3
6956.5
2235.1
3565.1
1422.7
5451.1
3976.3
9002.1
1504.5
9334.1
6530.1
6405.1
4813.3
9828.1
2254.7
7740.1
3192.7
4944.7
7223.1
9503.3
2317.7
7416.3
2063.3
6655.7
2923.3
2563.5
1491.1
9760.3
3334.7
5994.5
6738.1
4331.1
6192.5
5331.7
1449.7
2809.3
3229.7
8978.1
4735.1
4697.1
3721.5
6236.7
2593.3
9199.1
7717.5
9212.3
6672.3
8147.1
3061.1
9331.1
5905.3
5672.3
8252.1
3738.1
2023.3
9689.5
6830.3
7521.3
9963.5
4547.3
1661.7
4074.5
4349.3
9081.1
9620.3
5096.1
6647.7
4718.7
2145.5
2638.3
1418.3
4932.5
7495.5
8763.1
3789.7
2164.1
2150.1
5987.7
2864.5
2210.1
8845.1
1135.3
2780.3
1732.7
9855.1
3667.5
7496.3
8063.1
1311.5
6903.1
8176.5
4483.7
2359.3
3880.1
1914.7
8276.1
4312.7
7561.3
2669.1
9664.3
9185.1
3344.5
5483.3
2233.5
5618.1
1720.5
8476.3
2365.1
4175.7
9509.5
1898.1
1623.7
5187.1
5794.1
8207.5
7570.3
1840.3
8193.3
3882.7
5534.1
3820.1
4784.5
9386.1
8232.1
6809.3
2284.7
4063.3
5928.7
1187.3
1814.1
7388.1
9337.5
5290.1
4457.5
6507.1
3293.1
6727.3
2691.3
3040.3
9888.5
1195.1
8110.3
1256.5
3426.3
1572.7
8104.5
9750.1
6386.7
8618.3
3049.3
2935.7
2735.1
2645.7
4547.5
3347.3
2536.3
1788.3
3555.1
1836.7
6164.7
5765.3
1832.5
1119.3
6157.3
4333.3
8554.1
4951.3
1980.7
6473.5
3384.5
1843.3
5311.7
8895.5
8342.5
7481.1
9122.5
3503.7
1163.7
1004.1
4348.1
6521.7
4419.1
9295.5
5471.7
6563.1
4933.5
7791.5
2872.3
9535.5
4995.1
4337.3
9280.1
1585.5
6134.5
9448.5
6099.1
2350.1
6191.3
3867.1
7743.1
4817.3
3809.3
4747.7
3005.1
5299.5
5439.5
4529.1
5563.7
8555.1
9437.5
9305.5
1471.5
8051.5
1702.1
8953.1
4896.3
3485.5
6517.7
2183.7
4505.3
1684.7
4829.5
7080.1
2740.3
3497.3
8597.5
4925.7
7160.5
3833.1
3609.5
4955.3
4258.7
2796.3
8341.1
6821.3
8658.5
6419.7
9617.3
2710.5
6008.1
6378.1
5218.7
6426.1
5971.1
7162.5
2513.5
4553.7
5624.3
1810.3
5941.5
5490.5
3720.5
6565.1
4733.5
4936.5
1125.3
9426.5
4932.7
8609.3
5831.7
4438.3
7267.3
3504.5
3025.3
8994.5
5186.5
5931.5
9157.5
4666.7
4304.7
5927.1
7651.1
6407.3
1872.3
8706.1
5145.5
6977.5
3153.5
7798.5
3387.5
4542.5
4212.5
4183.7
1064.3
6965.3
3363.3
4367.3
6187.5
4311.3
4920.1
5823.7
5393.5
5751.5
2601.7
8927.1
2005.3
6775.3
5618.7
7387.1
9707.5
4143.5
6619.5
4493.3
7798.3
7620.1
4887.5
9689.5
6021.7
7545.3
5900.1
7805.5
5555.1
1699.5
7403.3
3704.7
9639.3
1302.3
8588.1
1482.1
7549.5
3699.7
1466.1
7334.3
6916.5
6284.5
2969.1
2278.7
8272.1
4343.3
4746.1
4528.1
1773.5
5882.1
3654.1
3549.1
3160.7
1070.1
4293.5
3892.3
4416.7
2605.5
1014.5
5279.1
3433.5
2377.3
2183.5
3996.5
5037.5
5458.1
4728.1
6511.3
3247.1
4388.5
4781.1
8702.5
6728.7
1479.1
9004.3
9681.1
1305.1
2684.1
4566.7
9668.1
1609.7
4607.3
6486.3
6884.1
2093.7
9125.5
3479.5
6629.7
6171.3
4066.5
6676.3
8576.1
9678.1
1981.5
7294.1
8506.5
5642.7
5237.3
3320.1
5272.5
2248.7
1016.3
5671.5
3933.3
5416.3
4234.1
1726.1
4430.3
4992.1
3860.3
1324.1
5855.1
5964.3
7444.1
9112.3
8640.5
3356.3
5163.7
7671.5
7890.3
5913.3
2761.1
7811.5
1642.5
8642.5
6700.3
9833.1
3651.5
7097.5
4610.3
7116.3
3468.7
2104.7
1531.7
9012.5
2064.3
3886.7
3848.3
3436.5
1649.3
9861.3
2712.5
6448.5
3405.7
6138.1
2972.3
2505.3
5553.1
1879.7
8643.1
5923.7
9464.1
2530.7
6980.1
5028.5
9544.5
6027.3
5794.3
1969.5
6353.1
2831.3
1241.3
4314.7
6159.3
2303.3
9900.5
9277.1
4103.3
8010.3
4547.1
4586.5
9347.1
9080.5
7394.3
7610.1
2079.3
3455.7
6938.3
4859.1
4533.5
4944.3
9861.5
1360.1
5108.3
8172.5
1414.3
4920.5
8463.5
6235.7
5073.3
4706.5
1031.1
5301.1
7722.1
4569.3
8051.5
1738.1
4159.1
5298.5
5562.7
5974.1
1015.5
7373.5
4649.5
4226.7
3368.1
5141.3
1196.7
9973.3
5015.1
7580.3
3554.7
9527.3
1600.3
3998.3
4321.5
5773.1
9448.3
8527.3
6705.3
8018.5
5654.5
1642.7
5848.3
9984.3
6571.1
2274.1
9677.3
1943.3
5192.7
7451.3
6158.1
4991.7
9336.5
8447.5
3272.1
8518.3
4175.7
1909.1
1755.5
2061.1
9334.5
8759.1
2472.5
3718.3
4015.5
2625.3
5336.3
3057.1
6392.7
8104.1
5458.7
3057.5
1439.1
8444.1
3932.3
1853.1
4238.1
4278.3
1216.5
1331.1
3602.1
9236.5
5170.5
5005.7
3283.7
4670.7
7346.1
4341.5
4605.7
1909.5
1784.3
2118.3
2659.7
9231.3
3030.5
7782.3
9511.1
5160.7
6655.5
3009.5
3722.5
5122.1
2735.5
3683.7
7934.3
5905.5
5683.3
2201.1
9864.5
6112.1
8209.5
9249.3
1888.5
3454.5
3556.7
9512.1
7564.5
5357.5
3592.7
1198.1
6290.3
2675.3
6052.3
4037.3
3216.5
7520.5
6322.7
2856.1
5097.7
4058.1
1984.3
3872.7
3371.3
1267.7
9966.5
1097.5
3892.5
4357.7
1235.7
3812.1
3223.1
6051.3
1542.3
8156.5
5042.7
5274.5
2540.7
1793.1
7808.1
7801.5
8321.1
7289.5
6170.1
2867.3
2295.1
8496.1
8155.1
2362.5
3799.7
8015.5
4036.7
4428.3
9065.3
4912.1
4201.7
8148.1
8400.1
6439.7
5149.3
3732.3
8697.3
6260.5
7844.3
9060.3
4758.3
6918.1
4363.1
7928.3
1083.3
5395.3
1342.1
6981.1
3021.3
1397.5
8733.1
6214.3
2285.7
4962.7
8319.5
1710.1
6797.5
9680.5
8431.5
8157.1
4843.3
5713.3
2706.1
6643.3
1704.5
7196.1
4846.1
8321.1
1442.1
7616.3
3123.5
2314.1
7986.3
7337.5
3753.3
3245.3
7412.3
3118.5
9422.5
9621.1
2006.5
6007.5
8012.1
9278.1
1471.3
2636.5
1187.3
1495.3
4769.7
5210.7
9927.3
9256.5
2533.5
1827.1
3135.3
5555.7
8372.5
4319.5
9438.3
9482.3
1346.5
6263.7
3916.7
2736.7
6475.1
5562.7
6371.3
2892.3
6962.3
2555.7
5933.1
2130.5
6711.3
4479.7
2352.1
7215.1
3862.3
2034.3
4227.5
4334.7
7760.1
6839.3
4485.5
4276.1
7322.3
7120.1
1605.3
8137.3
3777.7
5343.3
9158.5
3645.1
1729.1
2321.7
7239.5
7640.1
6358.1
2912.7
7447.3
2364.3
3435.7
6557.3
8516.3
1368.1
2451.5
9816.3
3408.1
6018.3
8674.5
7931.1
5537.5
7298.5
3228.3
4971.1
4608.7
2425.7
6660.7
6955.1
2690.3
2385.1
7652.1
1738.1
7552.3
6365.3
4470.7
8459.5
3804.3
7376.3
4124.3
3349.1
6524.7
4755.7
4742.1
3525.5
8680.1
5704.5
9903.5
4190.3
3380.1
4512.7
3861.7
8125.3
4911.1
1195.7
2456.3
1654.3
3348.5
3918.5
1209.7
2483.3
7893.5
3510.7
2373.1
2380.5
9242.3
5499.7
7362.3
5604.3
5015.7
5453.3
1381.7
3771.5
4925.7
3462.5
3587.1
7359.5
3157.5
2899.1
4090.1
8418.5
7781.1
6588.3
7881.5
3677.3
1598.5
1526.5
9613.1
1576.7
3830.3
6864.5
9898.1
4880.7
9880.5
3882.5
5677.7
7259.5
2628.3
8739.5
7760.3
8476.3
1910.5
2359.1
8093.5
7656.1
5049.5
2009.5
5883.3
5981.1
1078.7
9751.5
9456.3
4189.5
2666.1
8266.3
6690.7
2432.1
1484.5
2768.5
6984.3
6304.1
7726.1
8672.1
1152.3
5814.3
4011.5
4376.1
5123.5
3533.5
4189.5
1136.7
7224.3
9051.5
8752.1
4563.5
9105.3
4950.7
4605.7
8989.5
6281.3
8867.1
5267.7
5451.7
5501.3
5368.3
2169.5
4866.3
5219.7
1028.7
9912.3
2849.7
3211.3
7102.1
3018.5
2116.1
7376.3
6272.1
9575.1
6086.3
1684.1
4768.7
5183.5
8814.5
1818.5
3564.1
9727.5
1451.7
3383.5
1180.5
3085.7
2060.1
2934.1
5985.3
6476.7
7934.5
6377.1
1457.1
7441.1
8311.1
2899.5
1065.1
2151.7
3149.5
8823.3
4347.3
6470.3
8802.5
4705.1
2501.5
3550.5
2023.1
1453.1
3406.7
1180.1
5724.1
3344.5
6571.1
4660.1
6394.3
7249.5
9575.1
4290.1
1775.7
3258.7
6331.1
1384.7
8351.5
4352.3
5133.7
5233.5
2115.7
2666.5
3755.7
7638.5
2024.3
6697.5
6825.5
5687.7
4639.7
5547.1
7244.1
2319.5
2712.5
9877.5
9298.1
3589.5
6184.1
3339.1
4118.7
1124.7
2739.5
6143.5
1002.7
9862.3
1695.5
7354.1
4451.7
1601.3
1301.7
9054.5
8653.1
8553.1
5100.7
8425.1
3748.7
4498.3
7050.5
2835.7
7960.5
2287.7
5899.5
5277.1
6557.3
3717.7
4831.1
7994.5
1461.3
5071.7
2575.7
2607.1
7751.1
1802.5
7520.5
8626.3
9447.3
2691.5
2273.3
2641.7
8858.1
3429.1
2836.1
2459.3
5504.3
7011.3
4449.7
6348.3
5011.3
9554.5
5483.7
2593.1
9585.3
7969.1
3685.1
2775.3
2995.7
8984.1
1330.7
2489.3
9794.5
8364.5
4587.1
2924.3
4857.7
2360.7
1986.5
1376.3
7823.1
2750.1
5792.7
8457.3
3909.5
9097.5
1516.7
1198.1
1522.5
4234.3
1412.1
1581.7
9298.5
1258.1
2800.3
6739.3
3937.5
8501.3
2463.7
3657.5
3371.1
6574.1
1557.3
5170.1
7069.1
2513.3
7563.3
3805.3
3265.1
5098.1
3602.1
3193.3
7691.1
4082.1
8078.1
1932.3
5932.5
6233.7
2293.7
3254.1
1948.3
4925.3
7367.1
6007.5
2094.5
1818.7
7218.3
7101.3
7132.1
3672.5
3474.5
2278.5
2580.5
6348.1
2128.3
5960.7
9761.1
7878.1
3618.3
8266.1
1411.5
5305.5
8810.3
5232.1
5250.3
2510.3
8608.3
6173.1
2039.1
3160.1
3863.1
2728.7
8195.5
3332.3
9229.1
4775.7
8439.1
4782.1
9878.1
3159.5
1218.7
3345.7
5849.5
5492.3
3718.1
2855.5
6347.7
9613.5
7454.3
7362.3
3999.7
4823.5
5937.3
8139.5
5976.3
9529.1
8344.1
7173.5
3638.1
2784.5
9897.1
4423.3
7666.5
5316.7
3785.5
7016.3
7276.5
5241.1
9394.1
8210.3
4662.7
2745.5
7597.5
1164.1
8023.1
5656.7
6964.1
8812.5
6203.5
7290.5
7141.5
9415.3
4487.1
4203.1
5795.5
9216.3
4209.5
8477.3
2983.5
7752.5
5312.7
1344.7
3901.1
6435.1
4534.3
6357.7
4416.1
4080.3
1090.1
8558.3
8280.1
2037.5
4377.7
9813.1
4600.5
3378.1
3792.1
8336.5
1990.5
3623.7
5430.1
1747.1
9457.3
8797.1
4522.5
1925.5
6439.3
1078.1
1304.3
8589.5
2295.1
7238.1
4551.7
5936.5
7002.1
1832.5
8574.5
9549.5
3952.7
4942.1
6146.1
5321.7
6208.5
2652.7
6572.7
3196.5
9203.5
3253.5
1022.1
1362.1
6494.7
2861.1
7978.1
3388.1
2205.7
1344.7
3552.1
9956.5
7873.5
5964.1
6801.5
6732.1
9105.3
9701.1
2400.5
6139.5
1408.3
4649.5
2047.1
5707.3
2844.3
6326.1
4452.1
1863.1
2783.3
8611.5
6482.1
9326.5
5022.7
1600.5
6177.3
8834.3
6432.1
9319.1
6479.1
7206.3
9304.1
5910.7
4681.5
7760.1
8596.5
1272.7
4159.5
4185.7
2583.5
2988.5
1738.3
1509.1
6354.1
4615.3
8492.3
5532.7
6006.1
3506.3
9384.3
4079.7
6927.5
3158.5
7851.5
5745.1
5316.3
9307.1
3784.5
8290.5
2841.7
5424.3
8549.3
4313.7
8369.5
6421.5
7788.3
7835.5
4893.5
9570.5
6584.7
5527.3
3075.3
9498.1
7277.1
6633.3
2858.5
3151.5
1597.7
7549.5
6227.5
5066.7
3383.7
8010.3
2292.5
2471.5
3815.3
4650.1
1514.1
5570.3
3973.5
4539.7
4963.7
3297.3
1488.1
3177.3
1600.1
9117.3
4876.3
6357.1
3079.5
7876.5
1201.1
7512.1
3332.3
4462.5
7560.1
7538.3
6438.3
5077.1
6038.7
8933.1
2175.7
3368.5
6724.3
9259.1
3084.5
1651.7
1784.7
2826.3
5688.1
7369.1
9706.1
9128.5
7589.1
8752.5
8105.5
7680.5
4664.1
9780.1
2021.1
8061.5
1487.7
9378.1
7411.1
6249.7
7743.5
4134.5
1964.1
8522.1
9164.3
2434.5
4937.1
2977.1
6691.7
6619.3
8044.1
4401.3
9769.3
4969.3
4325.3
2178.5
5548.5
5757.1
4537.1
1098.7
9065.3
4001.3
4600.1
3763.3
6336.5
8507.1
9659.5
1363.5
2712.5
8717.5
3768.3
3674.5
8579.1
7842.3
6465.1
8380.3
7361.5
2900.5
7924.5
6096.7
2489.1
3568.7
1045.1
5750.5
5833.1
7146.1
4512.3
9731.5
3685.1
8336.1
9861.3
5474.1
9467.5
3479.5
5214.5
8783.3
1271.1
3939.1
4760.7
7709.1
7139.1
7171.5
1810.5
6136.1
5806.7
1220.7
2868.7
6883.5
1620.1
4610.5
5024.5
4528.7
6985.3
2746.7
5033.3
5354.5
8556.1
3072.1
2107.5
4861.1
1387.3
9015.5
7134.5
8302.3
6658.7
1255.1
4577.3
6684.5
6589.5
4792.7
4663.3
1280.1
3935.7
5475.3
7522.1
7101.5
5977.5
7692.5
8286.1
1538.1
1844.3
5860.1
3769.7
1161.1
8178.1
4762.5
8376.5
7767.3
3473.5
8329.5
6085.7
7364.5
9057.5
3486.5
3412.5
3077.3
2762.1
2386.7
5828.3
4531.5
4225.1
1034.3
4065.7
4762.7
5242.1
1293.1
2633.7
5864.5
5344.5
6750.5
1718.1
4884.1
1671.5
4408.3
9377.5
6531.3
1766.7
5532.7
1275.3
3039.7
7381.1
5896.7
1873.7
4326.1
3738.5
3283.7
4351.7
7323.5
5987.7
7033.3
9795.1
5510.1
4347.7
1003.1
3439.1
3284.5
8040.1
3981.5
9034.3
9368.3
6036.5
3434.5
3237.7
6665.3
1523.7
1406.5
6046.7
4235.5
4797.3
2756.7
2063.7
3434.3
1391.7
8449.1
7877.5
7780.5
3644.3
6954.1
5907.1
6772.3
8972.5
5107.7
5281.5
5689.1
8940.3
5819.3
6914.1
2768.3
2045.5
2529.3
3117.3
2673.7
3822.1
7096.5
8450.1
3366.1
6084.1
9705.5
2660.3
6756.1
6016.3
4208.7
7843.1
6008.7
7586.3
1116.1
9954.3
6052.3
2630.1
7651.3
1927.5
2187.7
1443.5
5392.3
5779.5
9492.5
6453.5
9381.1
3154.3
1112.1
4995.5
5916.7
9730.5
9433.3
5408.5
7632.5
7621.1
6500.5
2354.5
6313.1
1847.1
7223.5
3283.1
1443.1
1372.7
9496.3
3360.1
5194.5
3174.3
6650.7
2959.3
6780.1
1035.3
1775.1
4384.3
9658.5
3759.5
5932.3
3448.7
3428.5
6427.3
8713.1
5415.7
5988.3
6405.5
6948.3
2849.7
8251.5
8320.5
8025.5
9302.1
9466.3
9686.3
7828.1
5393.7
7623.3
1422.1
6430.3
3134.5
9377.3
9825.3
8139.3
3770.3
3587.1
3980.1
4303.5
3801.3
2542.1
4143.1
6437.3
5895.7
2720.1
5827.1
9940.1
5092.7
5579.3
3654.1
7873.5
2368.5
1705.3
5182.5
9164.1
1208.3
8030.5
2939.5
2938.5
9723.1
2392.1
9182.5
8313.5
5060.1
7578.5
1643.7
4499.1
9372.5
4863.3
4343.5
4453.1
4727.5
3437.7
5596.7
7023.3
4403.3
7617.3
3815.7
1667.1
6836.1
1922.5
8968.1
6219.5
9596.1
8825.1
6205.3
2408.7
1619.7
2566.5
9353.1
4986.1
5879.5
1770.7
2085.1
9622.1
4370.5
6116.3
7818.1
7066.1
2950.7
6946.5
4010.3
5464.3
7453.3
3073.1
5176.3
8828.1
3752.1
8732.1
5389.7
2268.1
8008.1
7181.3
9525.5
6881.5
2568.7
3983.7
3221.3
5691.7
5572.1
5329.5
8649.5
3814.1
8052.3
6262.3
2989.3
1863.3
1262.3
1760.5
3043.7
8529.1
3101.3
4718.1
5994.3
9021.1
1056.1
5697.1
1978.7
5872.5
2365.5
3519.1
1907.3
9856.3
4466.5
9208.3
4952.5
5108.3
4436.7
2574.1
7894.3
1213.5
5187.3
1736.5
8473.5
6621.7
5367.3
7739.5
4521.1
4517.7
5253.1
3685.1
5409.3
3460.7
6585.3
5667.7
9373.5
4840.7
8406.3
4190.5
2491.1
3767.7
4541.7
5978.1
7094.5
5511.3
5327.1
5022.1
6622.7
7033.3
7518.3
8123.5
6718.5
1675.3
3315.7
6898.5
4450.1
8431.3
7592.5
6327.1
9438.3
2037.7
3118.3
8283.5
2276.5
1262.1
1280.1
5004.1
9296.1
8080.3
9101.1
6364.7
6241.7
4243.1
4985.5
1653.1
1208.7
6586.1
2025.3
9099.3
8828.1
9145.5
3539.1
2875.5
6025.5
8516.3
3830.7
9089.3
3947.7
5444.3
3369.3
5756.3
1799.5
6141.3
3893.1
3818.3
8929.3
9275.3
3997.3
9839.5
2038.3
9696.3
1053.5
7956.3
5379.7
4445.5
3575.7
4166.5
4874.7
1166.1
2490.7
3312.7
5372.1
7287.3
1633.7
8687.3
1740.7
6148.1
8395.5
8274.1
3726.5
5455.5
1278.5
5774.5
6026.7
5049.5
2164.5
7540.3
1628.5
2136.5
4659.3
6002.5
1177.3
4848.3
7678.5
4161.3
9569.3
4812.1
9299.1
5155.3
7782.1
7844.5
9910.3
2466.3
5741.5
4951.5
5281.3
9955.5
3859.3
3012.7
1697.7
1350.1
5822.7
6609.3
1013.3
1437.5
9845.1
9191.1
3251.1
4099.5
5089.3
7135.3
7362.3
9931.5
9891.1
1201.1
8406.1
8341.5
1687.5
6963.1
2843.7
3096.1
9749.3
4413.7
4024.1
8587.5
8110.1
8220.5
4426.7
1860.3
8738.1
5997.7
8682.3
5907.7
4188.7
5702.7
4198.7
1114.1
7869.5
8025.3
9553.5
2074.3
5004.7
2675.5
9842.3
3843.5
6184.1
6688.7
4224.3
7017.5
7297.1
6106.5
7483.3
9779.5
4131.5
4939.5
1600.3
6568.1
1160.3
1294.3
4596.1
4422.1
8802.1
4252.3
7085.1
4400.1
7762.5
5355.5
6811.3
5249.3
9492.3
4218.3
4671.1
9500.5
5986.3
2521.5
3475.1
1267.1
2665.5
3916.5
3616.5
7406.1
9706.5
5804.5
9189.1
9242.1
6648.7
8987.5
5663.7
1291.3
7263.5
3024.7
6783.1
9208.5
4071.7
5197.5
2663.3
1805.3
1927.1
6840.1
3523.3
1300.5
7229.3
9707.3
2054.3
5045.3
3158.3
7552.1
2812.1
7807.1
2243.1
2054.7
7088.3
1417.1
5377.1
2506.3
5573.7
3894.3
2086.7
8094.5
5495.7
1039.7
7234.5
5322.3
3092.7
3800.3
2873.5
5693.1
5435.3
3966.3
1813.5
7544.1
3890.5
4804.5
7665.1
1394.3
7880.5
8603.1
7331.3
2532.3
1277.1
3846.7
5718.5
8717.1
3932.3
4888.7
5047.1
3542.7
3363.7
1162.5
9829.1
6299.5
6170.1
5256.3
5874.5
1276.7
9507.3
6386.1
5660.3
5399.5
5207.7
1420.1
8709.3
4212.5
2103.7
2841.3
6984.1
1455.5
2350.7
4229.3
2525.7
1818.1
6468.7
7554.1
1663.5
1546.1
2468.7
4290.5
2376.1
4070.7
2219.7
3784.5
2856.1
5381.3
7313.3
9608.3
2430.3
2038.3
4706.7
6698.7
8953.1
2414.7
8280.3
2161.7
8643.1
1944.5
3998.1
1569.5
3200.5
6034.7
2691.1
8908.5
3218.7
9414.3
2328.5
1464.5
6783.3
4160.1
9509.3
6083.5
6002.3
1131.1
7681.1
9806.5
9985.5
1616.3
1278.7
4161.5
2133.5
5170.1
6721.3
2722.1
7867.5
4107.7
3273.5
6054.3
5861.3
7724.1
5111.7
8926.5
8398.3
9015.5
8446.5
3786.3
6098.1
8147.1
4266.7
3364.7
3609.7
1910.1
5184.7
2122.5
4248.1
5180.7
9220.5
6820.5
5329.7
7022.3
8447.1
2910.1
7897.5
7592.5
5282.7
4343.7
5826.3
6582.5
4298.7
5950.1
2295.1
3417.7
1793.5
1159.7
3021.5
4544.7
9361.3
2234.7
1596.5
3262.5
4038.5
8354.3
9981.1
1654.1
7356.5
4962.5
6183.1
6202.5
2894.1
4732.3
3371.5
4350.5
4515.5
1306.1
4849.3
8811.5
2465.7
3402.5
7376.3
9445.5
2729.1
3862.3
2621.3
6953.1
3865.5
3829.7
8585.3
5746.7
1260.7
6258.7
2306.3
5827.3
4337.7
3605.1
5625.5
4747.7
1436.5
9314.1
6325.7
4363.3
3990.7
8756.1
8186.5
1090.3
6147.1
3966.5
2101.3
1220.1
5519.1
1110.5
4134.7
4274.3
5021.5
1972.3
9201.5
7202.5
3257.3
5040.5
9199.3
5477.1
8703.1
2554.3
2325.7
7559.3
7968.3
7603.5
3047.1
1990.3
4099.1
9351.3
9115.1
8181.1
1611.7
4651.1
5155.1
5001.3
9086.5
6668.7
3212.5
2862.3
8863.1
9461.3
1784.5
9915.1
7830.3
5149.1
9846.1
5332.3
6071.3
6208.1
8808.5
2627.3
2562.3
4276.3
5674.7
8529.5
1668.5
2084.1
3639.1
1743.3
2806.1
2643.5
3029.7
4294.5
1562.7
9491.1
7785.1
6809.5
5043.5
2119.1
6192.5
1603.7
7027.1
8757.5
1371.1
1184.1
8127.1
2958.7
9877.5
6924.1
6284.1
9825.5
7422.1
3529.1
6209.5
9980.3
4352.5
8166.3
5057.7
1918.7
8100.1
7577.5
7279.1
7456.3
5176.1
8932.1
6526.3
2889.3
1885.3
3981.5
4046.7
3014.5
9266.1
8430.5
8716.3
4848.7
2540.5
7168.5
3912.5
9599.3
9773.5
7913.1
3045.3
8633.3
6180.3
2548.5
2270.1
6146.1
8575.1
4543.7
4391.7
9700.3
6725.5
6031.1
1260.3
2981.1
7696.3
6737.5
6354.5
4778.3
7865.3
6486.1
5619.5
8154.3
7638.1
9213.3
1505.3
2128.1
7473.3
1392.3
9677.3
5255.7
3753.7
9354.5
1382.3
7980.3
5525.7
7255.5
6457.7
5716.3
1771.3
1563.5
3336.3
1387.7
3876.5
4441.5
5521.1
7104.1
6890.5
6176.7
9012.1
3392.7
2963.5
6557.7
7073.1
3558.3
8964.5
3943.5
5148.1
8599.3
1477.5
5181.1
7466.5
3749.7
1727.1
5891.3
2492.7
5996.3
1965.1
1723.1
9919.1
7027.3
6823.5
1776.1
1727.5
2963.7
8280.5
2824.1
2616.5
1873.5
5039.7
2838.1
6397.1
6754.5
2254.3
7107.3
3506.5
8179.5
9585.3
9964.5
6035.1
7746.1
1931.5
4828.3
4819.1
3593.1
4112.3
5584.5
7684.3
5120.3
4668.5
3058.5
3410.5
2112.3
5061.5
3851.1
8512.3
8717.1
6730.5
9756.5
9600.3
2265.7
7872.3
5722.1
5290.1
5957.1
1408.1
1609.5
9750.1
8363.1
8587.1
4741.7
2199.1
4662.3
1044.1
2367.7
9594.3
2757.1
6479.3
4317.3
2202.1
3102.7
4807.5
3043.3
9660.5
3697.7
1794.5
5812.5
1807.5
1774.7
2616.7
2724.1
2075.7
2187.5
5864.7
2653.5
2872.3
2172.7
3693.7
5747.7
4951.3
4684.1
5268.7
1094.1
5843.7
6219.5
4388.1
6569.7
4379.7
2612.3
1382.1
5623.3
6698.7
8476.5
3686.5
5256.5
4177.5
4140.1
5785.1
5037.7
7377.5
3756.1
4397.3
9547.3
8143.3
7237.1
2645.3
4580.7
7969.3
4821.7
5916.7
5935.7
2753.3
6875.5
3087.1
7255.1
5521.5
8839.1
4603.7
2704.7
8786.1
1455.3
5354.1
3388.7
3406.3
3846.3
4439.7
8485.5
5264.7
3551.5
4774.3
4027.1
8619.3
6411.5
6895.1
5714.5
5455.3
1941.1
7122.5
9567.5
1812.7
3167.7
6010.7
1096.5
5586.3
1071.3
7540.1
1281.7
6483.3
6777.3
2631.3
9783.1
6742.3
9278.1
5611.1
3092.1
2789.5
3131.3
6268.5
6019.3
2717.5
6147.1
2186.5
9692.3
3108.7
3978.7
6762.7
2987.5
2923.5
3755.3
5354.5
2796.1
7509.1
3019.5
6978.3
2652.3
2140.1
2393.7
1275.3
5588.3
1858.1
8312.1
3072.7
2078.5
1908.5
5999.3
4353.5
2391.3
9660.5
9796.5
3739.7
3647.1
7886.3
9131.1
1665.3
2004.7
6529.3
9771.1
3191.3
1863.1
4720.1
3297.3
4147.7
4103.5
1868.7
5495.3
7181.5
1760.5
2659.5
8832.3
8928.3
2000.5
7946.5
1557.7
1536.1
3074.7
4733.5
4466.7
1463.5
8001.1
1234.5
2083.3
8721.1
1661.7
9377.3
4103.3
3830.3
7822.5
9501.1
7941.5
8031.3
3105.3
6333.7
2880.1
7993.3
6382.5
4280.5
1259.1
4287.7
8554.1
1115.5
5600.1
4577.3
5171.1
8393.3
6647.7
3050.7
3756.7
8687.5
8691.5
2805.1
7286.3
4901.7
6844.5
7207.1
7800.3
5823.5
3359.7
3754.7
5122.1
5286.7
8896.5
8668.3
2683.5
2453.3
7508.3
6125.5
1175.5
5838.7
9053.3
3562.7
3194.7
4035.3
1837.5
4284.5
1399.1
3548.5
8789.5
6891.3
1846.1
2500.1
4141.7
2221.5
4969.7
3160.5
5179.3
2496.1
5591.3
5880.7
4593.1
3194.3
6528.7
5260.5
6114.1
9087.1
9073.3
8617.1
7584.3
6703.1
3145.5
6744.5
7633.3
3101.3
9289.5
9970.3
1087.5
3798.3
3342.3
2870.1
6500.5
6986.3
1097.3
2224.5
6687.1
3476.7
5124.5
7450.5
3031.1
2249.7
6541.5
4464.3
7486.1
3415.3
9963.3
4731.1
3154.1
2869.3
7246.3
2855.7
1969.7
8392.5
8310.3
3372.3
9595.5
5365.5
2473.7
3728.5
6345.5
1609.7
5010.3
8754.1
5845.5
5571.3
3705.3
1870.5
1416.3
1549.1
1476.7
2315.1
1651.7
7666.3
5124.1
5807.7
9353.1
3371.7
5525.1
7415.3
5351.1
6666.1
6916.3
6696.3
1926.3
5012.5
5571.7
9505.5
2319.7
6351.1
4357.5
7144.1
2773.5
6131.5
2297.5
5707.1
2435.1
3475.5
3134.5
8009.1
3820.7
8929.1
8339.5
7008.5
1545.3
8837.3
1847.1
1108.7
1199.3
8700.1
9670.1
8142.3
4354.3
5488.7
6532.1
5981.1
5936.3
2131.3
4418.7
3034.5
4493.3
8947.5
4052.3
9604.5
5226.5
1519.7
8454.3
1407.3
7719.3
6600.1
2818.1
6993.5
2549.5
6259.1
5910.7
2357.5
3584.3
4154.3
7193.3
3120.1
6965.1
3311.7
2204.5
6908.3
8357.1
4887.5
4808.7
8815.1
6881.5
5531.3
7230.3
8789.5
8882.3
3818.3
3171.7
5459.1
1722.3
5618.3
2611.7
6177.5
5401.1
3969.7
3224.3
4909.3
9482.5
3929.5
3978.1
3895.7
4660.3
8611.1
5612.1
1145.7
8277.5
5510.5
4060.7
6357.1
8628.3
2541.1
7906.5
6323.7
3569.5
6443.7
9265.5
3474.7
1029.7
6519.3
7536.5
9910.5
6737.5
3013.7
2495.5
5974.7
9786.3
8384.3
9027.5
8162.3
3888.7
1015.7
4511.7
9267.3
5974.1
3031.1
5587.3
1691.3
8165.5
6108.5
8519.1
5298.7
7219.3
3723.5
1012.3
6129.5
6506.3
2786.3
2607.3
2437.1
1029.3
4907.3
5233.1
1354.5
5380.1
6214.7
6479.5
7404.1
4198.5
3534.3
4636.3
3649.3
6974.1
5806.1
7006.3
9051.5
9800.5
2835.5
1810.3
5109.5
9113.5
2603.3
4277.5
5891.5
7255.5
7249.5
8821.5
7171.5
5122.3
6750.7
1757.5
1725.7
8812.1
3438.3
2615.7
3512.1
2748.5
6708.5
6522.3
1004.1
9037.5
5180.5
7497.5
3057.3
9162.5
2336.3
8904.5
2938.5
5432.7
4750.3
7240.3
7718.1
4772.3
7475.1
7094.3
8996.5
4643.3
7292.3
9466.1
6884.3
3775.5
1919.7
9040.1
7205.3
8089.3
8401.1
7718.3
5124.1
4810.1
5198.3
5474.1
1191.5
7247.5
7149.3
6493.1
1097.7
1746.7
2560.3
7707.1
4793.3
1239.5
6625.5
8805.1
6152.1
6250.7
9649.1
4374.1
6584.1
2131.7
5627.5
1876.3
9491.1
6991.1
1620.1
7427.1
2204.5
8120.1
6680.5
4366.1
8190.3
1517.5
2603.5
2300.3
1255.5
4083.5
7630.3
2306.5
8975.1
2481.3
6415.3
5330.1
4118.1
6663.7
5617.5
2703.5
1307.7
4286.7
7269.5
6646.1
1561.3
1718.1
3330.1
7194.1
2236.5
6514.7
3926.7
6247.3
6167.3
1239.1
2465.3
1126.5
6735.7
7459.5
6526.1
4321.5
8663.1
3347.1
9881.1
3062.5
2212.1
4810.1
8284.1
6278.1
7825.1
3400.1
6478.1
7339.1
1574.5
7083.3
5166.1
5788.3
5949.1
5772.1
2603.1
1820.7
3627.7
3958.7
8536.1
5182.1
7707.5
2091.7
1073.3
1772.3
8043.3
3916.3
9315.1
5978.7
3280.3
6680.7
6757.1
8152.3
5592.5
2341.1
8534.3
2177.1
7464.5
6279.7
9322.5
2147.3
6659.5
7529.5
7676.1
7802.5
9936.1
3678.7
1719.7
2370.7
6194.5
6163.5
4949.7
2565.5
1314.7
6574.1
3886.5
7107.3
1715.7
1862.1
1004.3
1066.3
6856.1
9212.5
1944.3
5702.1
6392.5
9377.5
5215.3
4535.5
9466.1
3088.3
2036.1
3537.7
5763.5
1917.7
2059.1
9043.1
6354.5
4602.3
7253.3
7723.3
9255.3
2128.1
2298.3
2552.3
7886.3
7715.5
8357.1
9908.5
6084.7
9200.1
4608.7
5795.5
1305.5
9675.1
9965.3
5344.1
4442.5
1853.1
2358.3
3687.1
9959.5
5748.1
3168.1
1889.5
3878.7
7231.5
5318.7
4514.1
2912.1
3317.1
5669.5
2258.5
4150.7
7314.3
2749.7
4714.7
2724.1
1034.7
4064.5
9690.5
1269.7
6995.3
8060.1
9434.3
1423.7
2112.5
2171.5
5446.5
3831.1
8459.1
4209.7
9146.3
2654.1
9961.5
3564.7
2615.5
1254.7
1384.3
2614.5
6574.5
6020.3
2137.7
3973.1
7330.5
7719.3
7812.3
6862.3
8682.1
5539.3
1126.1
1124.3
9467.3
4416.3
6006.7
4569.3
8900.1
3412.7
3587.3
2513.7
5346.5
3201.5
1512.7
6935.1
3483.3
3730.1
7446.1
2376.3
3098.7
4929.7
9981.1
2380.7
3173.5
7434.3
2634.1
1296.1
6030.1
1114.7
7173.3
5704.1
6266.1
5914.7
2421.3
1783.3
6756.5
3455.5
2391.1
6265.7
6232.3
6112.1
1998.5
4011.5
4650.5
2927.7
7503.1
2975.3
3924.1
2474.5
8293.3
2411.7
1696.1
8201.5
4790.3
4971.7
7908.3
4080.3
3509.3
1838.5
5478.5
3221.5
5876.5
2794.3
9865.5
5080.5
7607.1
4352.5
9050.5
2815.5
9061.5
1726.7
2823.7
1299.5
5028.5
4044.7
9704.5
1167.5
9901.3
3692.7
5808.3
8819.5
3841.3
3252.7
8562.1
2155.7
8510.1
1955.3
6731.1
1293.7
2718.7
5867.5
2240.7
9477.3
4565.3
5102.5
7469.3
6198.7
8208.3
3210.1
9339.5
4711.3
1263.3
3515.1
8422.3
2101.5
6670.3
8296.3
6585.7
2874.3
2048.1
5898.5
7068.1
5099.3
1272.7
8841.3
5290.3
9138.5
1530.3
5649.5
5478.5
4519.1
5761.1
3247.1
2148.7
1579.3
3339.5
5047.1
9482.3
3544.7
6529.3
2866.1
7351.3
3383.1
7001.3
3169.1
4423.3
8813.1
5226.1
5578.7
6113.5
5019.7
6276.5
9149.5
4284.3
5824.5
3783.3
3718.5
3979.1
7517.1
6170.7
5522.1
6814.1
5668.7
3744.1
6207.1
8770.3
4012.5
5699.3
3558.7
1896.5
5564.7
5954.5
3894.7
6318.1
8859.5
6909.1
7914.3
7578.5
3137.1
3310.3
5240.5
4607.1
6306.1
9782.3
1686.5
5628.1
7613.3
9175.5
4494.7
7992.3
6216.5
3146.5
5318.7
5576.7
6469.5
1790.1
8275.1
2176.3
3757.3
5600.5
8955.3
2826.3
8582.1
2645.3
6173.5
3972.7
5897.5
8082.1
1424.3
1228.1
5416.1
5318.1
8758.5
1888.1
8286.5
4987.3
4734.5
8918.5
3258.1
5501.3
2611.7
6902.3
1123.1
5399.3
7174.5
8903.3
7352.1
6095.5
1580.3
5174.3
9348.1
9399.1
7831.5
5267.5
1854.3
8607.5
1707.3
5489.3
6573.7
8776.1
6122.5
5895.5
2636.1
4485.7
7911.1
4515.7
2710.5
2475.1
1197.1
8800.5
2954.3
2421.7
6107.5
8546.3
8973.5
8033.3
3735.3
7108.3
8152.5
9875.1
7083.1
2308.5
6576.1
1672.7
5703.5
4807.5
1754.3
4857.7
2335.3
6606.7
3458.7
9942.5
9346.1
9391.3
4954.7
2298.5
4605.5
5253.7
8648.3
6526.1
9495.5
7568.5
4777.5
8846.1
6855.3
9500.5
9701.5
3078.7
5860.7
2096.5
3051.3
9948.1
8342.3
2861.3
6022.7
3871.1
5064.5
7918.3
2822.7
3727.1
6963.1
4736.5
4912.5
6927.3
6946.5
3947.3
7874.3
3850.3
3286.5
2901.7
4427.3
3580.3
1432.5
6871.3
6207.7
1288.1
4322.7
7311.1
1560.7
9733.3
1566.1
9893.5
2933.3
4912.5
2981.5
7381.5
1997.5
9193.3
2861.3
8190.3
8714.1
3151.7
4093.1
3326.1
2316.5
9305.3
7930.1
8148.1
2361.7
3777.7
3761.3
6228.1
5400.1
4006.1
2330.1
1241.7
7365.5
3047.1
6284.5
5560.1
5063.5
1646.3
7909.1
9875.1
6560.5
9917.5
5227.5
2622.5
3896.7
2706.5
2017.5
7569.1
3782.1
6789.3
2062.1
9324.3
6079.7
3045.3
2813.1
9695.1
9737.5
1734.3
4434.7
3034.7
6708.5
8633.5
1718.3
5803.7
4544.7
5727.5
6874.1
8797.5
5748.1
3403.7
1099.5
7072.1
6330.7
8418.3
4134.5
2609.3
4842.7
4939.5
3145.5
9884.1
5258.5
9666.1
7804.5
1119.1
7101.1
3810.1
3560.7
1411.7
2484.5
6745.7
6249.1
9800.5
5221.1
6922.5
4817.5
4797.1
3150.1
2719.5
7824.3
4546.7
4938.1
1219.1
2563.3
5865.7
6290.1
2945.7
8591.1
1101.1
4746.5
6347.7
3834.7
9320.3
9251.5
8590.1
9556.5
4900.1
2366.5
2957.7
5060.5
5712.3
6499.7
3321.7
4805.5
4036.3
3893.3
5791.1
8059.5
4880.5
7287.1
3249.7
1168.5
1834.1
8219.3
7060.1
3708.1
7464.1
9181.5
1050.5
4849.7
4360.3
4545.1
6549.5
8361.1
5181.7
8038.5
4681.5
8915.3
6059.1
2824.5
7478.5
1706.5
4422.5
2785.3
9814.1
1474.7
2754.5
7408.3
5854.1
8092.3
7005.1
3171.7
3564.1
4543.1
6718.1
7433.1
3528.7
5154.5
2017.5
6329.7
8121.3
2934.1
1619.7
2962.3
4619.7
2508.5
5127.5
5541.3
9840.1
6078.7
2493.1
4978.5
2582.5
3583.1
3194.3
7049.3
9648.5
1994.7
9176.1
9236.3
7886.5
1779.1
4301.3
9900.1
3512.1
3941.5
5697.1
6978.1
9391.3
8443.1
6740.7
3233.3
4327.1
4291.5
6851.3
6218.3
3035.5
3221.3
6465.7
5086.1
6806.1
3782.1
4601.3
9590.1
9650.1
5515.7
6328.3
8110.5
3503.5
4931.5
5551.5
3872.5
3827.7
9965.5
4725.1
6030.7
7961.1
5897.3
3537.3
6509.3
3632.3
5627.1
7961.3
1561.1
6914.1
1375.5
4055.7
9319.3
3729.5
3184.1
3328.3
9407.5
3864.7
8416.3
5753.3
2972.7
7749.3
9720.1
2715.1
6426.1
7898.1
1687.1
5340.7
4839.7
6310.3
3647.5
5880.3
6940.1
8086.1
9071.3
2743.7
6707.7
1406.5
4443.1
8661.1
5622.5
4672.7
5769.3
2679.5
8297.5
8799.5
4298.5
3262.3
3348.7
5320.3
5146.5
2820.1
3407.1
3111.7
2454.3
6896.3
4392.1
7660.3
6024.3
7504.5
2913.5
3659.1
7336.3
7962.3
2236.5
8375.1
8192.5
6792.3
3510.7
9028.1
3843.1
2174.5
1837.5
6175.7
3887.5
9200.3
3443.3
8267.5
9386.1
7405.5
3926.3
1079.1
1499.7
1943.7
5023.3
2136.1
6896.5
3235.1
1281.5
7401.5
7245.1
5504.3
1426.7
8129.3
3989.5
4049.5
6109.3
8626.5
8820.5
7190.3
8648.1
5269.3
2993.3
2427.1
5567.3
3071.3
5211.3
4065.3
7601.3
7090.1
2778.3
7248.3
6327.5
6597.3
1071.1
1938.1
6910.3
4206.3
4672.3
7512.3
2242.1
7041.5
4777.3
5306.7
2206.7
8373.1
7017.5
4576.3
7684.3
1419.7
6114.7
5417.7
4635.1
5066.7
4513.3
9757.1
7807.3
6083.3
5586.5
7226.3
5109.3
9676.3
2491.5
1931.5
5852.7
3106.7
5347.7
6948.3
2716.7
9576.1
7155.3
5329.3
2125.5
1811.5
3117.7
2318.1
4867.7
7265.5
3043.5
3860.3
1963.1
7410.5
9302.3
3925.5
5247.5
5519.5
2235.1
3328.1
2200.5
3950.1
9161.1
9372.5
5094.3
9072.1
2993.1
2185.3
6204.5
3153.7
1060.3
4793.5
2581.3
5718.7
5402.3
7941.5
8125.5
9255.5
2830.3
6273.7
4284.3
5315.3
5909.3
4573.3
3884.7
9798.1
4972.3
2199.7
4754.1
3185.3
4970.3
5953.3
3028.1
1253.5
3210.5
2161.1
8708.5
3544.5
1496.1
2626.1
1497.1
5595.3
2362.3
1561.7
7963.3
4747.5
5451.7
2191.5
5610.5
3695.3
5606.1
8053.5
7885.3
8256.3
2666.5
5509.3
7968.3
1859.5
2780.3
3929.5
3510.5
9552.3
1216.7
7035.3
8508.5
7589.3
4547.1
7052.3
3359.7
3760.7
1896.1
2986.3
9013.3
1360.7
7944.1
1076.7
4050.1
5992.3
5261.1
3805.1
6355.7
2295.5
9206.3
1334.1
3590.5
7217.1
1822.7
1577.5
4201.5
8888.1
1982.7
4073.5
6832.3
9267.5
6688.7
6861.3
5441.1
3392.7
9878.5
2178.1
4484.1
8316.1
5072.7
2355.7
4380.3
4401.7
2857.7
4902.1
3349.7
8951.1
8065.1
3396.5
1010.7
9237.1
7457.3
1298.1
7348.1
1786.5
6331.1
5046.1
9680.5
9015.1
1134.3
7561.1
2354.7
1909.5
1312.7
1836.7
3093.1
1118.3
3679.5
4471.3
9834.5
3026.5
3820.7
8178.3
1166.3
2737.7
1695.1
2628.7
5331.5
1046.1
9014.5
6401.5
3396.7
8538.3
7547.5
6097.5
2655.5
3953.5
9658.5
8829.3
4910.7
5920.7
5687.5
1590.3
6445.1
7749.1
1234.5
8961.1
1841.1
7824.3
7560.1
8068.5
7360.3
1579.1
2685.3
8545.1
6579.3
9941.1
4706.1
3528.7
9786.1
8397.3
6713.5
2139.1
6214.3
4000.7
3734.7
5855.5
1743.3
1396.3
3657.3
2668.3
9036.3
8299.1
5627.7
1329.5
5550.5
4750.7
4810.5
4641.3
1470.1
8583.5
5721.7
4845.1
9098.3
1649.3
3187.7
8906.1
3465.5
4654.1
5674.3
4903.5
8525.3
6519.3
5747.1
5582.3
7331.1
6972.3
1109.3
8964.1
8158.5
2489.3
3461.5
1952.3
1375.5
7215.1
7540.5
1685.3
9085.5
4512.7
4850.7
7115.1
1169.5
1781.7
6141.1
1710.1
7579.3
7544.1
2007.5
1825.7
4316.1
9069.5
5984.7
1794.3
9858.1
6386.3
7677.3
1524.7
7259.3
8641.3
5890.7
9315.1
9177.3
6770.3
7120.5
3426.3
3121.5
7751.3
7607.3
6831.3
3015.7
9089.1
6612.3
6266.5
6007.5
8115.5
8217.5
6540.5
2118.7
5028.3
4332.5
9463.3
5559.5
5393.1
3089.5
1741.5
7644.3
1135.1
5989.3
6882.3
3385.1
1974.7
3065.7
1775.3
4630.1
1702.3
3899.1
8954.3
7873.5
4532.1
3845.3
3911.5
4567.3
1994.7
9101.3
6805.1
2455.1
1824.1
2355.5
4424.1
8533.1
7032.3
4035.5
4387.7
6966.5
3202.3
4566.7
4259.7
3240.1
1363.5
5911.7
1217.5
4033.3
5488.5
5754.5
2711.5
4371.1
4445.3
3809.3
1753.1
2872.5
8029.3
5102.3
4809.1
7520.5
3613.5
9004.5
5618.7
5924.5
8992.3
7093.1
7009.5
6950.1
2178.7
4205.3
9996.5
4481.1
2325.1
2533.3
6599.3
1555.1
6299.3
4592.3
2684.5
8641.1
2772.5
1907.7
2463.1
4514.1
5320.1
8781.3
8693.1
1767.3
6722.3
4058.3
9437.5
7382.3
3548.3
6463.1
2892.5
2405.3
9952.3
3560.7
9620.5
2995.3
6253.7
4910.7
6567.1
8221.1
9432.1
5000.7
3042.7
2756.3
2393.7
7693.1
7557.1
3811.1
2962.5
2542.5
6402.1
7960.5
3107.7
8727.5
5228.5
8611.3
8173.1
9992.5
1387.3
3216.1
6335.5
1125.7
8988.5
3590.1
9877.5
2426.7
7850.1
3319.3
4971.1
7140.5
3267.1
1411.1
5970.3
7749.5
4315.5
2270.1
6499.7
9557.1
4992.1
2560.7
4740.1
5041.7
6105.1
7106.5
3220.7
6009.5
2173.1
6334.3
6250.3
4485.1
8814.5
4108.1
1905.3
9033.1
4093.3
5813.5
6723.3
6489.7
6558.3
3359.7
7268.3
5628.3
8614.5
5218.7
4701.3
7688.3
9173.5
8080.1
2157.7
4743.5
1502.3
3247.1
4628.7
6087.5
2419.7
6901.5
1531.3
3202.1
5755.1
1038.7
5605.1
3009.3
7547.1
5404.1
3415.5
6498.1
3044.3
5519.3
5283.7
5613.7
5811.5
6047.5
4950.1
4323.7
6717.5
2384.1
4697.3
3561.5
2581.1
5421.7
5844.3
9263.5
8720.5
5461.5
1635.3
6726.3
9397.5
7555.3
5604.1
5628.7
1021.1
4701.7
8730.5
5577.3
3213.1
9238.5
3653.1
3521.5
2034.7
1090.1
9608.1
9497.1
9178.5
8868.3
4046.1
8096.3
7334.3
9652.5
3574.1
8179.3
8299.5
5032.3
9721.3
3340.3
1629.7
9612.1
9905.5
9836.3
5357.1
7064.5
5166.3
8000.5
7676.5
1709.5
8367.1
1797.1
2411.5
7237.5
6395.7
4553.7
8844.1
8314.5
6109.5
5200.1
8963.1
4568.1
1749.3
3325.5
7344.5
2814.3
9025.3
5948.1
6764.7
5727.5
6118.7
9181.1
2103.7
2571.7
1066.5
5365.1
4886.5
1921.3
4874.7
4540.1
6243.5
2852.1
6629.5
3642.5
3714.5
3584.5
1522.5
5259.5
5433.7
1325.5
1693.1
2849.5
6739.1
1678.3
1179.5
4310.1
6213.3
7130.1
6758.1
6874.3
5684.3
2288.1
5528.3
7439.5
4368.3
4796.1
4357.7
5622.1
3012.7
1172.1
9550.3
4448.7
2896.3
9328.1
4879.7
7620.3
5961.5
6720.1
4669.7
7284.5
4057.5
6961.5
3632.3
8643.3
5051.3
3994.7
2385.5
1095.1
2059.5
8735.3
4088.7
2265.1
4029.3
4581.5
5666.3
3456.3
4530.1
5207.1
9028.5
9984.1
4033.7
5885.5
2233.7
6319.3
8931.1
1208.5
5559.7
2368.5
5724.7
4874.1
5337.1
9959.1
3385.1
7167.1
9451.1
6136.3
4181.3
1565.7
2345.1
5177.5
4588.3
5406.7
1816.1
2557.3
1742.7
9436.5
7644.3
2082.7
3821.7
1836.5
5406.3
1659.1
9980.3
9860.1
8603.3
5020.1
7995.1
2975.7
9655.1
8591.5
9555.1
8535.1
4016.1
6358.5
7208.1
3826.3
5514.5
7722.5
7913.1
5997.7
6493.3
7734.5
7391.1
6562.5
6878.1
8489.3
8742.3
8234.5
6270.7
3325.3
9296.5
4360.5
6129.3
4221.5
8387.1
3976.5
5557.7
7868.5
6857.1
5752.5
6989.5
3826.5
3030.1
2215.3
4593.5
8480.5
3902.1
7937.1
1202.1
3857.5
5530.5
9390.1
8898.1
5928.1
9177.3
8792.3
7459.3
1395.5
4974.5
2382.7
8751.1
6698.1
5420.7
3859.1
4380.7
7781.1
2526.1
7848.5
3629.5
5100.3
8404.1
5829.7
4642.5
9209.3
8702.3
7453.1
2122.5
7298.3
1733.1
8662.1
6269.7
1600.1
8529.1
4160.5
8852.5
2898.1
2248.1
2328.5
5057.3
9447.1
1595.3
6550.3
6276.3
6167.7
6254.5
5584.1
4125.3
9338.3
8172.5
2873.5
9575.5
4466.3
2644.5
8612.1
7531.5
2705.5
5094.3
7571.5
9114.3
3005.1
5082.3
6812.3
9185.5
3368.5
4195.7
5691.1
3280.3
5235.7
1317.5
7042.5
2245.7
5409.1
1026.1
2953.7
5675.5
5621.5
9740.3
2663.5
3934.5
8434.1
9304.5
7478.1
6549.5
2398.3
5939.5
9206.3
4355.1
9116.5
6998.1
2389.7
2238.1
5006.1
8687.5
5834.3
2029.1
5118.7
8499.3
8448.5
3331.1
2449.5
3160.1
9449.1
6615.1
8880.3
3428.1
2542.5
1703.1
8455.3
4174.1
8870.5
1628.1
5737.5
8171.1
1873.5
7398.3
4545.1
3770.1
6064.3
8653.1
1074.7
5705.7
7519.3
2629.5
8159.3
3403.7
8587.1
4955.5
1404.3
4201.3
2860.5
2317.1
1563.1
5729.5
1233.1
2358.1
8527.3
6695.3
1820.1
3336.3
3513.7
6739.1
1376.5
7634.1
4452.1
7287.5
9767.5
3900.1
4533.7
7267.3
2809.1
2979.1
7047.1
8951.3
9353.3
2052.5
1769.3
3210.5
8330.3
4604.1
5908.5
2040.5
6678.5
8477.1
9812.3
7038.5
3723.3
2451.5
6380.7
6461.5
4077.5
8188.3
4331.5
6969.5
1769.3
1394.3
5678.3
7610.5
1889.1
8522.3
9150.1
6387.5
2471.1
3730.7
5860.1
9268.1
1785.1
9729.1
4888.7
5966.7
4202.3
5985.1
2084.1
1487.7
9144.1
8981.3
8351.5
3748.5
8121.1
3652.3
3771.5
5097.1
5336.7
7562.1
9184.5
2756.7
4034.7
8428.5
4049.3
1363.3
3289.3
1132.5
9216.5
1969.7
1723.5
8555.3
8410.5
9158.1
6023.7
1575.7
4725.1
6358.1
9516.3
1124.1
4044.7
8754.3
3052.3
5923.5
2317.5
6643.7
1800.1
9557.1
3158.7
2003.5
8404.3
4457.1
5032.5
2876.7
2275.7
2033.5
7566.3
2273.1
4746.7
6057.7
2946.5
3208.1
3111.3
6468.7
3661.7
8863.1
6479.3
5143.3
8525.5
9250.3
7454.1
1124.3
7909.5
3315.5
6695.1
7331.3
6063.1
2095.5
7544.5
4307.5
6306.7
4027.5
1644.7
7799.5
2820.7
6459.1
4763.1
1587.1
2293.1
3801.3
1297.1
6021.3
6066.7
5712.5
2121.5
3740.7
6174.1
3125.5
8408.3
4969.7
7161.1
1566.5
4377.1
6634.7
7690.5
1621.7
5916.7
5921.3
3918.7
2123.3
3244.7
9830.1
4573.7
9278.3
2151.5
2912.5
2175.3
2282.3
6940.1
9539.5
5659.1
9384.1
8829.5
6969.3
8218.3
8386.1
3348.1
7715.1
4636.7
5661.3
9797.1
4460.3
2544.7
4881.7
9282.3
2081.5
2468.7
8859.3
6290.7
3575.1
2372.5
9106.1
7965.3
9887.1
9152.3
4604.1
3569.3
1581.1
5469.1
2950.1
4362.1
3825.1
4161.5
4722.3
9661.3
9249.3
1791.1
2310.3
4323.1
8811.1
5746.3
3450.3
3187.7
9010.3
3979.5
7360.3
1046.3
2500.7
2155.7
3478.5
7943.3
1633.7
7420.1
3536.5
4176.1
8024.1
2833.3
4121.7
9569.5
9280.1
9524.5
1716.3
6756.3
4519.3
7364.1
3491.1
1197.5
1134.1
6391.5
8161.5
8456.3
8229.5
1857.5
8213.5
9848.3
3646.1
2277.5
4813.1
5481.5
4178.1
9498.1
9907.5
8791.5
2304.1
1508.1
1264.7
9754.5
3097.1
6240.5
5623.1
4314.5
7885.3
3084.1
3425.1
2723.3
3942.5
7958.1
1631.3
6338.1
6356.1
6543.7
9963.3
3796.5
5717.7
5861.1
5640.5
6367.3
5621.5
3937.1
1409.1
3509.5
3768.7
4603.3
5306.3
8479.1
3313.7
3301.5
5261.3
9923.1
7275.1
9063.5
3226.5
2522.5
8962.5
3930.7
2565.5
4039.3
7732.1
3702.7
5055.5
6532.5
7046.1
1750.5
8393.5
4800.3
5332.3
4777.5
8690.5
9593.5
2818.7
9201.5
6436.3
8227.3
3649.3
2881.3
3105.3
6971.1
9725.3
2144.7
2379.1
3371.5
4268.3
8590.3
1729.7
5170.3
6244.1
4472.5
8458.1
7118.5
1358.7
9661.1
8415.3
2962.5
6028.1
6500.3
6718.5
7331.1
3206.1
6163.3
4292.3
4631.7
3817.1
4468.5
1533.7
8370.1
3333.7
6107.7
8706.1
2725.1
1592.1
2367.7
2592.5
1135.5
9102.5
9707.3
6196.7
2024.7
7684.3
2392.7
7832.3
5253.1
5551.5
2786.1
6625.5
9363.1
3052.1
2724.7
1088.7
6656.7
3019.3
9702.3
6644.3
4612.1
4415.5
2645.7
9466.5
1079.3
4819.3
6356.7
4009.3
9988.1
9897.1
2747.1
3699.1
1422.3
2578.1
4368.3
1426.7
8343.5
9870.3
5296.3
2243.1
8437.5
2874.3
1101.7
4575.7
4492.1
9566.5
6047.3
5009.5
1393.3
1229.1
2147.7
3913.5
4983.5
1284.7
5327.7
4111.1
4141.5
4710.1
9066.5
4658.5
2264.3
6018.1
4805.1
4675.5
1846.5
5110.1
1123.3
2723.7
1176.1
3083.1
5529.3
6663.5
6244.3
7205.5
3933.7
4894.3
4133.5
7648.1
4596.7
1106.1
3623.1
1139.3
2320.1
9008.1
6159.7
8553.5
5323.5
3000.5
1979.7
7157.5
3509.5
6028.5
4849.5
5793.3
1986.1
4560.5
5898.5
6120.3
1357.3
8362.1
6124.3
4062.5
2127.3
9122.3
4950.3
1437.3
5967.3
1473.1
4562.3
5127.7
8659.3
6652.5
4304.7
7828.5
8932.3
8100.1
6342.3
1273.5
4655.1
5724.3
5427.7
3325.3
7790.3
6999.5
2296.7
7223.5
2713.1
1038.5
7473.3
8347.5
8288.1
4646.5
5520.7
9180.5
9103.5
2063.5
7710.3
8069.5
9489.1
3942.3
2373.7
4942.5
1028.5
2981.7
3507.7
6924.3
8467.3
6335.1
7286.3
5433.1
2328.5
7286.5
9957.3
5986.3
5844.1
4186.5
7183.3
5238.5
6624.5
5917.7
8875.1
4072.3
5726.5
3327.5
9719.3
5267.7
2156.7
7523.1
2314.1
3849.3
3852.1
4904.5
4893.5
3014.7
7189.5
6078.5
3237.5
8894.5
6540.7
3359.3
9242.3
4708.3
7267.5
5279.7
7213.5
2691.7
7206.1
6710.7
2875.1
6460.5
2042.7
6591.5
2811.7
1418.7
3792.1
7421.1
5628.1
6318.3
7967.5
1181.7
5496.7
5134.5
4006.3
9464.5
4999.3
1902.1
2070.1
1043.5
8143.1
2222.5
8067.5
5559.5
4482.1
4173.1
7374.3
2419.5
6953.1
6541.7
5242.7
6659.7
9763.1
8675.1
1272.5
7107.5
9106.5
7762.1
1492.5
5444.1
8182.5
7784.3
2662.1
3785.1
4565.5
6294.5
2971.3
2462.3
5592.5
6149.3
5113.5
5102.7
4276.3
3468.1
4326.3
8054.5
6835.5
5128.7
5535.7
3302.3
2867.1
7943.3
1623.5
8628.3
7495.5
9126.3
7833.1
5098.1
4514.7
3844.7
3612.1
1651.7
7043.3
8516.1
1118.5
7020.5
3537.1
2775.7
1362.1
5007.3
8070.1
3168.3
7150.1
2064.5
1569.3
3265.7
6427.1
9468.5
4856.7
9741.3
5555.5
2881.1
3526.1
7382.3
4911.7
2707.1
6981.1
8457.5
7457.3
5849.1
7670.5
8898.5
3823.3
4505.3
1190.3
6823.5
4365.3
5869.5
5829.5
6572.7
7392.1
3180.7
5145.5
3596.7
4287.3
1392.3
6123.5
3736.1
9314.1
6161.5
2892.3
4166.3
4983.3
6992.5
7904.3
7123.3
8207.5
9497.5
1445.3
4238.1
1564.3
8234.1
9614.1
3993.1
4105.7
7264.3
2865.3
4413.7
3941.7
2964.1
9208.3
1221.3
7343.3
2033.3
9264.5
6705.1
2550.3
2902.1
2916.7
4137.1
9763.3
1230.1
8842.3
1722.7
4819.1
9299.3
2853.1
4742.3
8971.3
3034.5
9611.5
8264.3
3319.7
4010.7
6555.7
7278.3
2503.1
7394.3
7330.5
5685.5
1307.7
2820.1
4376.1
4102.3
7329.1
9416.5
3658.3
4750.1
4947.3
2529.1
3333.5
8740.5
6384.5
3806.7
5332.1
1127.3
6278.1
7875.5
4161.1
2126.5
6499.3
5154.7
9456.3
2959.7
8807.5
5527.7
1289.1
5915.7
9719.5
5863.3
5108.5
8734.5
3904.1
3544.1
8443.3
1610.3
8826.3
7855.1
5349.1
2388.5
8935.1
1327.5
9166.1
5598.3
8618.1
9930.1
2310.7
3085.7
5025.1
3388.7
6493.3
8710.5
1920.5
5901.7
9515.1
3683.1
7857.5
9016.1
3603.7
3612.1
3698.1
1376.1
2511.3
2815.7
3915.7
5127.5
2627.3
8215.3
3613.3
6437.7
5381.7
4441.3
8951.5
2943.1
3610.5
4371.5
3268.3
2968.5
5688.3
9172.5
2705.7
1622.5
7155.3
5470.1
7194.5
7818.3
1343.7
9778.5
2747.7
9358.5
9340.5
4449.5
7809.3
1904.5
3638.7
1115.5
9918.5
1146.5
6087.5
9935.5
5833.3
1166.3
5531.5
6185.1
9352.1
6435.1
5976.1
1733.5
3444.1
3969.1
9460.3
2417.1
1886.5
1246.5
2858.1
7226.1
9115.3
4715.7
5231.1
6689.5
8211.3
1495.7
4039.3
5991.7
6192.3
4864.1
5319.5
1513.3
2997.5
1834.5
2089.3
9330.3
7695.1
2367.7
7892.1
8826.3
5006.1
4451.5
7273.5
4435.5
8614.1
9774.3
6113.7
1312.5
4641.5
9287.5
4486.5
3578.7
2071.3
6850.3
2546.1
3089.3
8955.1
6020.5
8651.5
6880.5
5351.1
1463.3
4702.7
7815.3
3688.3
7774.5
2839.3
1039.3
5770.7
7282.1
6579.3
4734.7
6465.1
6996.3
1857.7
8774.5
5313.3
6666.3
1397.5
7215.1
1731.7
5120.3
8272.1
3908.5
9290.1
9271.5
9153.3
4577.1
2141.1
3641.7
8235.5
1065.1
1386.5
5122.3
6430.7
5991.3
5742.3
9903.1
8418.3
5247.1
8170.5
3710.3
3205.3
1207.7
6498.3
4721.5
7259.3
9591.1
5679.7
4964.7
4613.1
5472.5
5370.1
2776.5
9143.1
6437.1
1824.3
5470.3
9174.3
4677.3
3145.1
4659.1
2021.5
1576.3
7703.3
5759.3
7168.1
2703.3
6361.3
6809.3
3546.1
1446.5
6132.3
4897.1
2935.7
8237.3
1322.3
8869.3
4410.1
8568.5
3149.1
1190.7
8086.3
6065.5
9275.5
9872.5
7910.5
4696.5
6565.1
3973.3
2522.1
6082.3
9556.5
5788.1
6649.7
8457.3
6067.3
5798.7
3900.7
1545.3
2959.3
8671.5
1882.7
6915.3
1724.5
3116.7
3663.1
5742.1
2136.3
5566.3
9653.5
6641.3
3817.5
1136.5
2635.5
9430.5
5560.3
3144.5
2255.3
6236.5
3996.3
5277.3
4899.1
5174.3
1886.1
6332.7
2866.3
4823.7
7076.5
2867.3
1812.5
3037.3
2170.3
3785.7
5670.1
4002.1
2086.5
7089.5
6130.7
3334.7
5587.3
4059.7
6675.1
8347.5
4786.3
8330.1
3869.3
7170.3
9610.5
6215.5
6567.7
1680.3
6675.1
4380.7
9263.5
4266.3
7686.5
8186.5
6124.3
2578.3
8399.3
6394.3
3170.5
4625.3
1839.7
3569.5
9376.5
6370.1
3954.5
4562.3
4515.5
8261.5
8540.5
7185.5
1628.3
5244.5
1052.7
2798.5
7185.5
2579.1
4968.1
6062.7
5811.3
9727.5
4516.5
6253.7
7069.1
2597.3
2131.3
8657.5
4983.5
8227.5
3062.5
3009.7
8736.3
9688.1
6498.5
3322.7
8292.1
8227.5
5894.5
8024.1
8079.1
5990.5
2307.7
7428.5
9780.5
7961.3
8150.1
4782.1
6473.5
1646.7
7450.5
7015.3
7420.5
3328.1
4740.5
1369.3
4854.3
5336.1
1673.3
7643.3
5413.7
9524.5
7166.5
4084.7
8060.5
6293.5
5424.7
9937.5
2168.3
5561.3
8309.3
9697.1
9104.5
9156.3
5419.3
5627.7
4034.7
4440.7
3503.5
1311.7
2414.3
2228.1
4262.3
3054.3
4176.5
9805.1
9930.5
7470.1
1884.5
2343.5
2448.5
6925.3
7024.5
4303.3
2637.3
6493.3
3952.7
3911.3
3579.7
5187.5
8875.3
1201.1
1194.5
8544.1
1605.5
6082.7
6383.3
1978.5
1706.3
5640.1
3075.7
8100.3
2477.5
6698.5
5888.7
5515.7
3028.3
1728.1
9733.3
7264.5
4215.7
4881.3
4043.3
7641.3
5595.7
9473.5
2770.5
1607.1
9246.3
8232.5
6141.1
2968.7
9681.5
2288.7
6620.1
7026.3
6915.5
6495.5
9394.1
4325.7
7279.1
4887.5
3428.5
7654.3
3624.5
3535.7
8965.5
1322.7
1335.5
3513.3
1397.1
2436.5
4163.5
5666.1
3024.1
7047.3
6020.1
1954.7
2159.5
2305.7
7563.1
4580.3
3030.5
1765.1
6500.5
6213.5
6012.3
5345.7
8860.3
1575.3
6626.3
8337.3
4113.3
6998.3
8721.1
1452.7
9607.3
7676.3
3874.3
3049.5
2332.5
5352.5
7769.1
3940.1
6593.7
3345.3
5174.3
7519.3
2893.3
4750.5
2997.1
1904.7
1548.5
1503.5
6326.3
1239.7
9654.1
4971.5
7103.1
4672.3
7055.1
6434.1
2702.7
5095.7
5212.1
2390.7
3709.7
9951.1
7201.3
9749.1
8214.3
4626.1
8660.1
1750.7
2760.7
8226.1
9105.1
5728.3
4958.3
7551.5
3153.1
9169.5
2837.5
8756.3
1344.3
1949.5
3850.1
7587.1
1867.1
1341.3
3986.1
3210.1
2138.1
6109.5
5699.5
3743.1
1747.3
4502.5
2687.5
5629.1
2206.5
6311.7
1266.3
1863.3
1127.7
3757.1
1351.5
3720.5
6378.5
5317.5
2824.3
4995.5
6679.3
8303.1
1775.5
1945.1
2644.1
2556.5
1640.3
6945.1
4508.1
8176.3
1588.5
5902.7
4773.3
7040.1
2671.3
2368.7
8770.1
6607.7
3077.1
6945.3
4681.1
9557.1
4295.1
2165.3
8896.1
2264.1
1650.5
3584.5
7059.5
3779.3
8436.5
8584.5
4457.1
2082.3
4266.1
9065.1
2164.5
5893.5
3420.1
6038.7
5586.1
4108.5
9905.5
7131.5
2882.5
8650.5
7887.3
5587.3
1500.7
7000.3
9899.5
3091.7
1237.3
3427.5
2778.5
5819.3
2588.7
7944.5
1069.1
6483.1
5345.5
2239.5
2138.5
8407.5
7412.1
1220.7
4362.1
4673.5
4117.5
2454.7
6657.5
5187.7
1515.3
8084.3
1526.7
4075.5
3412.1
2233.5
6303.1
1195.1
9274.3
1813.1
6944.1
7999.5
3981.3
8737.3
6878.5
3465.1
4413.5
6247.5
7145.5
2345.7
5459.7
5220.3
3026.7
8673.3
5345.3
5976.7
1185.3
6071.3
1504.1
6665.7
9741.5
3357.5
9355.1
7359.1
4879.3
3888.5
7861.1
2308.5
3617.5
3343.1
9357.1
3724.1
8661.1
3098.1
4808.5
9757.1
5738.5
2396.7
2511.1
7469.5
6188.3
6548.7
1119.1
7702.5
4111.1
6473.7
5464.7
2919.3
4688.1
3823.3
8880.3
2877.7
8038.1
4633.5
9567.1
2498.3
1984.1
2459.3
7223.3
5554.5
6453.3
7538.1
8661.3
5959.3
1803.7
6090.3
8873.3
5685.1
6718.7
9963.3
2432.1
5683.1
9404.3
7729.3
1125.3
8065.3
3681.7
4728.3
2852.5
3458.7
2186.7
4232.7
6526.7
8374.1
2897.1
3456.7
3255.1
1614.7
3697.1
4943.7
2516.3
5579.5
6174.3
5402.1
1973.3
9288.1
5192.5
6114.1
1116.3
1650.3
5860.3
1929.1
6601.1
1804.5
9298.1
3795.7
1241.3
4147.3
1650.3
1767.1
3529.5
3491.1
1535.5
8808.1
2752.3
3891.5
8119.5
2622.3
5696.7
5602.1
4706.5
5941.3
1546.3
1921.3
6595.5
8446.5
7252.1
6557.1
6009.1
7344.1
3506.3
8707.5
1954.1
4181.3
7850.3
4999.1
2738.5
9098.3
9787.3
2950.1
8971.3
4278.3
1393.7
5046.5
2717.1
3857.1
6184.3
3803.5
2421.1
3575.1
8515.5
6722.7
4765.5
2845.3
4143.7
5809.1
5984.5
7004.1
9096.1
7158.1
8034.3
5925.1
6270.1
2075.5
6238.1
9193.5
1651.5
1037.3
3898.3
8017.1
3337.5
5166.1
4750.1
3537.1
1980.5
3643.7
4308.7
3657.7
9175.1
3941.5
2561.7
7114.3
2031.7
2961.5
7994.5
3024.7
8633.5
7403.5
2821.1
1588.5
3747.1
6793.5
5349.5
1503.3
6419.1
1432.5
6402.3
5557.5
9887.3
4473.7
4311.1
9670.3
4496.1
2654.1
3608.7
4234.7
7002.5
4876.3
1663.5
8696.5
7636.5
6063.7
8927.3
4391.7
3685.1
1672.5
5576.3
5818.7
7893.3
9258.3
7332.5
1773.3
1618.7
2946.5
8639.3
9466.3
1994.7
8620.3
8350.5
1754.5
3076.1
4638.3
6344.1
6149.5
3416.5
7965.1
6319.7
2119.7
6042.5
6411.1
6025.1
7490.3
4969.7
3091.7
9175.3
3917.1
2608.7
2993.7
2061.7
5068.1
4824.5
1154.7
1133.1
3544.7
7469.1
3178.1
9178.3
6931.3
7527.5
4405.1
3436.3
5616.1
1911.3
3473.3
5196.5
2045.5
9984.5
3577.7
7401.5
6359.7
6093.3
4464.5
3471.5
4293.3
2367.7
8642.3
6649.5
6378.5
6759.1
5605.7
4535.1
9647.3
6589.7
3271.7
3881.3
2951.1
3523.3
7122.5
3313.1
1523.3
5105.3
5015.7
3759.5
8860.1
5962.7
4695.7
1135.5
5454.5
4871.3
2368.3
1588.7
1705.5
4554.3
6032.5
6381.5
1099.5
2045.5
3023.7
8147.1
6757.5
7318.3
3501.5
5741.7
3104.1
6607.1
2480.7
3387.5
2982.5
2353.1
4665.5
9754.1
4368.7
4837.3
9548.3
4341.3
2556.7
2673.3
4807.5
7792.3
7442.1
2539.1
1205.5
8300.1
1798.1
1465.5
1183.5
4498.7
6636.5
7244.1
5943.7
5206.3
7686.1
7817.5
3984.1
1666.1
7789.1
4381.7
9580.5
2444.7
9925.3
9468.3
1532.3
1510.1
3797.7
3092.3
1084.3
2945.5
7371.1
5192.1
7149.3
4628.7
5105.7
9475.3
3585.5
4699.1
4160.7
8508.3
2302.7
1632.5
9370.1
9990.5
3802.5
5052.7
4679.3
2194.5
6432.7
3483.5
5255.1
1851.1
5299.5
7293.3
1715.1
3486.5
7764.3
6723.7
6412.3
3030.7
7873.3
4022.5
9141.3
5540.5
4607.5
6409.1
6223.3
3656.5
6702.3
1636.1
6374.7
9770.1
5551.5
5956.5
7033.1
4042.5
3693.5
9361.5
4844.5
1794.1
3712.3
4373.7
4324.5
9567.1
3295.3
3155.1
3173.3
4199.5
8175.3
5302.5
4311.3
6301.5
4323.3
3237.1
2769.3
1618.7
6616.7
7792.1
