10000
8294
1563
9515
3495
3682
1915
4806
5071
2358
4658
5259
8376
5553
6304
8705
6846
7456
1896
3733
6458
4905
9397
3065
7075
8608
2992
6648
4206
1518
3948
9560
5067
1415
3855
1755
4926
5527
4901
4267
4369
5619
2470
8565
3354
1440
5019
4790
9214
8415
4395
8839
4479
3236
2964
1776
2404
9965
2538
1211
7622
3516
9588
9221
3953
8378
1671
3579
2499
3319
5734
1650
1332
1940
5282
6501
7912
4058
2427
3970
3363
6763
2574
3187
9762
3346
2922
8727
5659
1667
4562
4390
4699
8477
6261
2138
2643
9846
4680
1346
3564
1912
7044
1197
8014
7651
5070
5034
4752
1488
3943
4661
1122
6153
2670
1838
4026
7795
8370
2755
9632
9175
5698
3527
5603
3805
9705
5825
6148
7984
4868
5344
9214
5515
4397
6403
5534
6576
3834
6353
7029
4932
8625
5648
3916
7264
6892
1306
8443
6968
5574
5542
5008
8156
4313
6656
5239
9030
4824
7515
9071
5933
4954
4788
3460
5455
5001
3837
3847
4753
1364
9575
1111
6241
5935
4967
2766
5986
8759
7274
1924
8606
4682
1310
5539
1542
8090
4684
8438
7029
6876
9576
2087
1331
4737
3824
5825
1414
6468
4908
2504
2719
4944
4981
9582
6325
5978
7496
2763
4945
3527
4349
3545
6863
3009
2360
5576
8007
5207
5268
4773
3804
6049
4628
4704
1086
3217
3524
9754
9726
6525
8042
8655
1280
7411
1016
1239
7274
6029
1890
4360
1271
4766
1067
1648
1720
6986
4774
4536
2192
8632
4697
5268
1475
9941
4369
4789
4784
2242
1889
5668
4310
4832
1211
1748
7976
5860
8112
2332
8003
6713
4887
4075
4593
6541
8661
6736
9805
6976
3178
3670
9774
8589
7722
6396
7281
5023
3568
1043
8334
2860
5379
5442
9210
3693
2992
1601
1791
7413
4805
3326
3545
7353
7998
3499
7514
7178
2521
5052
8570
2455
8040
5355
9869
2093
4490
7377
6581
7413
5250
3708
3559
3202
9086
8929
8585
8052
7449
2858
3036
2213
7619
3899
5586
4148
7050
5345
2902
5319
8973
4295
3649
9601
7843
8743
5625
5183
2605
2585
5323
2395
3805
8679
3082
3129
7560
4667
6480
4259
3250
5236
4170
8429
6240
7180
4632
4942
4706
2633
2600
7101
8793
3375
3970
2938
1147
1875
6930
5392
9839
3904
8106
4897
5114
5390
8258
2818
1280
1940
9530
5779
4610
1280
2976
9251
8520
7515
7842
4747
6123
4978
9716
1685
4160
4655
1640
1396
8823
8100
9878
8571
3886
8670
9882
5488
9661
8875
6652
4178
5656
1953
8254
3537
9525
8432
1445
1132
3767
5227
3727
7688
7819
5830
7799
3022
5711
1709
9355
7844
8521
4360
4357
1063
1139
2901
7487
3142
1711
8998
4096
3671
6021
2890
7291
9810
4830
4902
5780
2075
2689
1562
3919
7589
2334
6234
1197
5554
3717
3095
3165
7257
2730
5431
5702
6240
5916
2363
9349
8478
2606
3222
4158
2018
5876
8915
1634
9280
6143
3502
3737
7346
6452
6275
7171
1624
1283
3304
7467
4045
2670
9291
2771
2020
2197
6687
8275
3494
7934
2506
7777
7752
5232
8842
1674
6728
2411
3877
6161
9797
9627
3403
8521
4229
1618
6276
2586
6903
9060
7516
8428
3986
7227
2281
9230
6162
9034
8571
1648
6008
7897
4760
3438
7159
7494
8985
7922
9041
1278
2076
2340
1328
9285
8848
9838
5508
1210
2749
2392
4644
9900
1650
4874
8659
9973
6741
8184
8643
6602
4355
2662
9986
4145
8241
7883
7240
7663
9849
4210
3041
5762
8322
6287
8538
4135
7908
6658
3047
2942
1036
8463
5005
5290
3084
1100
4366
6184
9026
1928
1771
6344
9679
7889
4364
9946
5809
5015
4709
3265
3989
5586
9019
3837
4580
9709
8673
3276
5254
5396
2677
5400
5988
1497
6018
6088
6557
4905
7966
6067
4004
1112
6794
9246
9244
2643
7925
2022
6009
5095
1446
7664
9564
6832
2577
4176
2559
6196
4682
2110
1626
6263
1544
9154
2844
3315
5123
4400
9345
1293
5283
8464
2227
6033
5831
5130
4354
2739
2652
2265
5367
4794
8450
5771
2265
3706
2816
6613
8422
6694
5391
6827
2123
7913
4292
9175
5886
4150
2401
2412
6617
8302
9457
1964
5465
2283
7412
1077
4615
6963
6848
8255
7096
6612
5885
2278
7150
1229
2153
1436
1541
6034
1029
6687
7915
2794
7586
3124
3315
3294
9575
3383
8318
3174
5122
8796
6699
3637
1469
2004
2757
5368
7071
2972
8149
3402
3559
2954
8637
7927
3735
3575
6508
7399
8236
7499
4002
5564
2645
9361
4782
4455
4300
9824
7517
1950
4233
3113
5598
1983
7581
2375
5583
6981
5670
4854
6405
1431
8159
5640
2682
9531
2734
6176
3835
1093
7759
1382
9986
4854
2948
4639
4684
8166
3585
4084
4882
7584
5708
3528
4574
7276
6199
4199
3724
6329
3491
2268
2483
6321
7068
7431
4370
1039
3638
2551
3071
3777
9285
9238
2294
1087
5705
7642
7338
7842
8371
5591
3618
1353
8785
1816
9493
3644
3475
4796
4411
4676
8164
1744
3693
2517
9019
9026
4323
2188
6903
9941
3158
9522
1374
1568
4195
2134
1969
6276
7568
4550
4238
2788
8060
5453
2191
7918
8431
8044
8912
5798
1942
3555
1346
3506
2084
2647
6679
7142
9055
3452
4299
9748
9018
6695
4762
5369
4783
3894
2529
9846
1123
2651
9649
6429
6370
5635
5214
4230
5153
9081
1178
4144
7214
2939
7481
4704
8629
1395
1830
5334
6382
7804
4095
9834
4550
2845
6821
2999
9755
3238
4427
6585
4495
1214
3232
4577
7256
9860
5396
9314
6168
3712
6590
1795
2718
8835
4509
2653
1044
6862
1424
3176
7191
6956
9111
5989
4107
2343
4040
5602
8636
7014
5027
2890
2331
5841
2260
7608
5076
5827
6776
2658
6671
9490
2628
4314
3018
1219
4157
3127
5498
2736
8582
3844
2258
8358
5895
6402
7491
4975
6368
2338
5021
1094
9187
7145
2553
8544
5411
3207
2494
2735
4708
2445
2069
3375
2891
1043
6506
2102
6941
3061
9843
4827
6009
9768
2898
4959
5081
6484
5719
1586
3341
3971
3634
5094
4787
7367
5004
6458
5005
7843
1477
4287
2043
9021
8518
9923
8145
6874
1173
8171
6109
5320
4675
3829
4640
6451
1024
5450
4266
8279
4786
5439
4430
1810
5971
1069
4496
6504
9742
5070
8240
3054
1885
6157
5186
4187
1326
4803
3798
1770
9611
9909
4222
3932
2043
2024
7227
7475
1912
4018
4602
4292
8376
8617
3745
3712
2418
6637
1481
4430
1567
5989
3010
4932
8644
7520
1034
3384
3551
4810
1666
3481
8708
7772
8106
3913
5211
9346
2989
4435
7610
8063
8263
7717
2386
4384
3805
7080
3196
5091
7223
6243
2205
4413
1798
1109
4747
2055
1274
3506
2459
4855
3969
3827
3485
3189
1842
5383
6125
2315
8256
4768
5823
4012
9448
8150
5693
7300
4005
4625
3064
6288
4698
5673
6594
5718
3547
7297
2023
2412
7089
4141
6773
8205
4041
5412
1499
3620
3303
1448
5243
7575
2763
8693
1558
6267
6614
6878
4625
9338
8910
8137
6908
3762
2378
4909
3416
3104
1550
4983
4426
3508
7740
5042
1660
7774
6150
8680
5672
8497
7618
3381
7180
5416
4889
8501
4895
2496
8246
2117
6959
1824
1961
7419
3445
2843
2581
3775
3510
7131
3271
3736
6214
4468
6458
6124
5274
8068
5678
1089
5283
9223
4469
7851
1294
8954
2182
1502
9035
2574
8375
3777
2689
8210
2011
8116
4464
1540
3593
4082
4990
5765
6578
8433
3475
1447
4260
9996
6449
9711
5706
3941
4388
3234
5801
4514
4158
2953
6068
6612
6483
1879
2768
7167
5788
3058
6076
5418
2346
6422
1483
7803
6888
5039
6217
1965
8899
9574
5718
9724
5765
3683
9427
4316
1700
6940
7287
1896
3032
1770
6143
2761
3110
5055
5509
1287
6678
5293
2290
8535
2838
4499
2351
2310
8455
3161
5342
4303
6770
5713
4897
5007
7252
3378
4675
2607
4941
7485
7445
4748
5918
3644
4351
5957
7324
2953
5409
1595
5704
2955
7719
9041
8462
6816
4315
1436
3388
7401
6512
6254
4440
6234
5886
4007
3628
1014
2458
6752
4251
4515
6526
3216
3742
2932
7102
3749
4186
4691
9600
8951
5247
7206
3544
3529
4861
4859
6519
1174
2898
5678
5926
1115
5333
1474
4798
2807
5118
2930
7424
1999
2018
4417
5803
1671
2408
2349
2916
9239
2535
2361
3177
3138
2848
9853
3115
5141
3282
1910
5896
2740
4349
9029
2427
9552
1758
5805
1301
9896
2339
2582
8860
1672
1049
2310
4339
7882
4800
6493
9957
6362
6571
3083
1083
8403
5262
2767
7660
1089
2035
8696
6874
8221
2085
9847
5793
6480
6570
7571
5790
8743
5947
1077
4462
6112
6691
5819
5455
2780
5722
1315
6557
5310
1090
6659
5227
1620
1455
3470
2341
9900
4503
5970
2667
1160
8666
5644
5383
9659
4215
5086
8452
1692
3753
2112
3567
4498
4887
2303
4497
8523
8490
8125
3927
5114
2957
3448
6306
9895
1142
7597
5200
6879
6191
2463
5517
3795
9867
2287
4022
2624
4739
9170
3022
5307
1786
8739
5919
5794
4648
6389
9364
5661
2573
1876
9450
3349
3870
9255
5041
6486
9194
1143
9917
7643
5145
1406
1685
5762
9677
4294
7885
2758
5258
9670
6206
3552
5580
7892
4902
2035
1348
7384
2682
4445
9717
5116
6146
7668
3124
4150
5705
6589
6223
4751
3815
1886
9538
7003
5461
5153
4007
9769
7079
8689
1482
7114
4789
3613
6828
9626
2306
5041
1195
3151
6636
6283
1821
6275
9918
3736
1848
1940
8539
7559
3296
6358
3153
2316
5608
2486
5155
9226
3043
9702
6589
4652
8957
4825
5288
4544
3203
5352
5800
3941
3226
4766
5900
6280
1766
2138
5834
5300
3001
8407
1863
2973
8456
6610
6303
7248
5196
5534
2337
9930
3124
6674
1807
6900
5822
1333
8771
7390
4827
6363
3751
1174
2550
5568
3469
5467
5648
9376
5373
6649
8143
8360
2730
7811
3669
9450
2041
5246
1443
7092
5367
2615
3336
7679
8767
2524
2288
4438
2566
7589
3332
2072
3347
3491
1870
6341
4067
7569
9777
2246
2124
3145
5898
8819
7980
6976
6409
8468
2315
6482
6616
1603
8865
2617
6215
7535
6907
7397
1398
8143
5262
6512
6741
5719
4003
7189
2490
1662
6972
7475
4914
1893
6376
6702
1489
2303
3241
6067
8073
5610
1185
2376
2050
5017
1998
8142
8748
6183
2073
8940
7321
9249
2999
8223
7823
4721
5245
3873
7544
8322
6719
9237
3270
4345
4766
4010
1975
8602
8639
1847
6035
1469
3648
5958
6916
7959
5201
7853
4898
2208
9224
4644
3000
2999
9942
4712
5324
4555
6717
1697
7233
7370
2105
7364
7566
2455
3866
9839
4008
9945
2847
2771
1120
2468
5812
5035
6214
6381
1398
5341
4320
2554
6015
5317
8505
2907
5985
6133
7913
6113
9286
4126
5124
7834
1244
2295
6679
5726
1362
1499
9310
9358
4804
1986
5901
2144
5719
7197
1544
3676
4069
1126
1407
1989
9455
5544
6502
5454
7342
7335
5768
7112
5640
4168
9850
1005
4979
3632
4465
5014
5875
8146
3434
5075
4939
8276
1102
7451
4762
2401
2101
9979
6479
1658
6244
5458
2483
4222
3435
4154
1718
9093
5459
9682
5169
8144
4875
3620
2942
5669
4995
2060
4900
4184
3298
2068
5530
8645
2960
4165
8796
4331
1622
5448
3625
7077
2125
2498
3447
4560
6164
8966
4139
5876
6593
3778
1902
5448
2499
4975
3789
2865
3557
6960
9106
1093
7122
5574
2290
8261
7396
1187
9025
5802
6496
4691
6295
2922
8563
5764
1278
5075
9327
3112
7597
4552
9699
8241
4746
2730
7147
1807
4965
1371
7888
2164
5509
2432
5251
6332
6017
9222
1545
3533
1823
7881
5125
7111
1826
1193
9285
3502
9901
2831
6156
6084
8632
2446
3991
2029
4014
3770
7782
6595
5645
1031
4703
8009
3590
7771
8572
5761
1529
7316
8761
5869
7443
6946
5036
1550
3052
5051
6232
3136
2291
2440
6482
8814
4814
2812
1958
5224
7425
3309
6731
7609
2084
8326
8642
8183
7177
5523
5331
1603
2377
1732
1843
2922
3070
9451
9117
4123
2595
8114
8033
6386
6658
9587
3970
8267
9498
6540
2246
1255
7340
7983
5622
3799
4506
4717
1085
6259
4033
9647
6138
8046
7665
2646
4575
2833
2004
2395
4797
7440
3807
1635
2294
3915
3792
1501
8881
2380
1768
4267
6242
2444
1290
8919
3976
9150
2215
5309
8632
5168
3270
3117
3613
1010
5282
6340
8189
4097
7952
7325
5102
5087
3887
3328
3839
1917
3420
7963
3778
4829
9267
2268
9786
5698
4920
4082
7090
8377
1718
6656
7328
3956
9465
5280
5558
1688
2852
2079
7365
4563
2787
1860
3654
3151
5000
9831
3940
1294
8909
9060
2589
2553
6655
3747
6404
6572
3044
2218
9147
5173
9131
5481
6908
6792
6776
4495
5024
2006
8314
9532
2767
3966
1265
4639
4909
8695
3862
2475
3085
6245
5032
1425
8838
4701
5619
5598
7129
8979
4354
4151
6874
3496
6007
1197
7614
4962
1826
5670
5185
9629
1101
2821
1742
1395
2780
5138
6155
7806
4686
5228
1978
1615
9441
6535
1586
5217
9871
1645
5918
3949
7241
3484
7121
5041
6982
2383
7374
1343
7825
5788
4580
2956
6674
4471
2148
6824
8663
9381
6513
8785
6238
8045
4771
7607
8957
5878
6025
8725
3614
6404
2704
3105
7682
6423
7045
9239
3951
5546
1803
3228
3912
9377
4284
8892
9041
3697
5997
9051
5591
9702
3701
5432
2542
7511
6833
1306
5279
3256
4175
7878
1609
1791
6640
4480
3585
3665
2397
4260
2069
6648
9788
2495
4638
7275
9738
1311
8708
1409
9048
7051
5942
3451
6272
4050
3411
2909
3748
4153
5276
3546
6893
2067
7402
8416
6560
2936
4503
1745
2291
3010
4278
5052
3608
5146
6663
6869
4446
1887
7207
1915
1507
8864
7443
6350
9843
5442
8154
1977
9314
3472
3694
7643
6335
3185
8270
4579
3043
9981
1394
8275
3618
9663
5544
8580
5816
4300
5348
7617
3278
1202
3853
5745
4035
3175
9754
6368
5395
8858
1630
1088
4780
1414
3687
2042
1551
3570
4043
4746
3358
9478
9095
3115
6921
2362
8331
1449
7123
1432
2637
4999
8171
1640
2227
2064
7268
1791
6178
4790
1215
1573
3196
1837
4375
7778
4578
8496
8897
4116
7811
8075
5985
2645
2608
5734
6283
7756
6414
6574
9981
5665
8176
1329
4893
9083
3693
6494
2060
6873
4895
9739
3477
7135
8760
3455
5248
7247
5802
7358
4790
4164
3451
4888
6384
1588
4583
1380
3385
5229
1070
4559
2295
4948
7249
9709
4812
4090
8112
4587
7187
7700
7021
7351
6133
5766
3725
1393
7295
8329
2966
7764
8546
3320
6101
6199
6702
5528
4310
9848
1741
4666
9361
3173
2421
9644
9019
8309
3127
8550
6662
9056
4930
1906
1547
2843
4257
1720
4049
3501
4859
9182
3319
2631
6013
2162
4922
1953
6065
4040
8482
7007
5991
2162
7606
3878
1221
3175
4055
9851
5871
4262
7017
8309
2259
3777
1343
8977
6997
2756
2946
8089
7265
7318
7750
6483
2878
1537
4863
9256
7050
9823
8438
6510
2785
5607
9153
2536
5952
6144
6097
1833
2908
2823
8873
2445
6360
3186
3213
1055
7329
2836
6893
7863
3522
5368
7554
6092
5951
3261
6134
2907
3449
4691
3919
1846
6192
9097
7134
9229
8613
3212
1997
2364
3938
4566
3950
7201
6629
9892
6605
6228
5828
1956
2151
7225
9857
5321
8199
9837
9110
3654
9967
5400
1503
5816
6311
6289
6528
4468
7945
1440
7183
7219
1778
7566
5018
5031
2996
4297
1681
9241
7839
2656
4902
7556
3010
1031
3472
2045
9500
4112
5537
2537
6383
3390
1199
7783
8405
7892
3529
1820
6764
4344
9564
7302
5870
8869
1512
9027
5541
3325
5819
3232
2647
8816
8792
2868
6780
3011
7496
7768
4205
3390
4306
3939
1899
1699
6682
8471
8869
7314
5233
3228
3035
4045
5164
2775
2577
2018
2147
6862
6380
3627
3319
2216
6693
2489
2334
8100
2796
1878
8562
6362
2472
2686
2265
8922
6584
1368
3600
6939
8305
1229
9985
5267
9457
4810
5551
4544
9850
5069
2714
4583
4563
8653
5679
3665
6224
4301
5672
2666
2654
7748
8991
8764
5569
1328
8918
1515
2001
1074
2294
4836
4194
2153
8251
2249
3048
1363
7036
1632
2569
5090
6606
3445
8460
5835
6606
4405
4189
4599
9837
4779
3500
6425
5555
9085
1935
6189
9306
8492
6032
7953
4315
8931
5658
3854
1335
9989
4321
3359
6142
6183
6496
7523
4280
1732
4406
4008
3262
3145
9414
5629
2635
9854
4213
1880
6768
1501
6417
1451
8305
6122
2288
2300
8197
7345
6461
9467
4608
9274
2047
5849
6082
2695
5032
4824
8558
1233
2819
8936
5257
6953
3127
6359
5766
4577
3987
6543
4068
2599
6971
5846
6152
1179
2405
5637
1155
4852
8065
6615
5035
8156
6553
6578
7048
4552
4749
9231
4562
2177
6846
7836
1182
1010
5203
6126
7466
1077
9514
3474
9635
7793
5019
3178
2389
1409
9337
7590
6627
8813
9518
4527
6183
6662
8658
5985
6208
3255
6569
9587
5546
1826
8423
9328
1078
2623
7922
9286
6099
7806
1505
7959
3100
7908
2804
2798
3446
9061
4001
8770
9023
4709
2801
1978
1919
5083
8498
1435
4892
1897
3640
5515
6063
4178
9509
6724
6201
3979
9438
6502
2566
5366
9231
5210
3545
5360
1267
6839
3530
6119
3634
9953
5206
6907
3774
5288
2710
7922
7942
8460
7171
7984
7931
7423
2500
1970
4088
8264
9021
8857
9842
4987
4663
6685
6451
1839
3268
1923
9755
6273
6975
1832
2732
5607
7727
2125
3231
4559
2147
1942
6645
9282
5094
2080
3108
2318
1371
6910
5169
6880
5459
8153
6103
6554
1484
8369
7187
7152
3780
1251
4962
2853
5180
3899
5814
5838
4878
5971
1078
2496
8598
1886
8524
1051
6401
1932
5719
5993
2729
9737
3017
7905
9653
3651
1066
6508
1962
7290
4542
6146
6808
8885
7285
2644
9379
8044
3659
4734
3168
7108
2394
3587
4554
1521
8810
8085
4278
1581
7950
9020
1988
2162
9453
1364
5717
5487
5278
6991
7859
9586
5585
7747
5292
5953
6994
1257
2403
4492
2834
8786
1027
1144
3368
5101
4579
7826
4467
9154
3657
2010
3921
3047
2161
3872
7791
3740
5690
1917
2395
5457
4061
1839
6174
3044
2098
5705
9239
1141
1681
8917
7696
3408
5394
4279
7891
2147
3829
4281
2483
1195
7156
7499
5869
7798
8798
4581
6135
7915
6353
4318
5717
1140
5000
9429
8954
7057
2126
8512
8869
6528
9181
7019
6329
3714
6129
2536
1963
6380
2532
2339
4397
8310
2842
5506
1668
3011
1575
7212
4611
3696
4703
2183
6714
3351
5700
2174
2830
1496
2905
1859
4081
8666
6758
9238
8374
3742
8070
1116
6996
4235
5278
7247
1244
5819
5293
4078
4896
5504
7006
5955
7607
1589
1892
2364
5261
1946
8784
4164
1496
6766
1473
7886
7243
8173
2577
5749
3257
9930
7272
2048
7803
6990
3721
7932
5612
2679
6242
1619
8712
3636
2665
4973
8296
3261
1112
1360
4584
3326
6471
6987
4906
4905
7317
7025
3128
1682
6633
8230
9137
3700
3241
6008
9840
9701
9354
8352
4819
4069
5931
1652
4973
4844
9732
5459
9878
9834
6477
1494
3371
5971
2521
6439
5036
6937
3139
4652
9388
4905
3045
5568
8488
3349
4696
1497
8970
2735
5260
4437
1264
3802
8761
3111
3653
3582
2975
1285
1810
4596
1782
6976
3658
1136
4349
1113
9651
3523
2094
6204
3843
8331
5476
1678
9280
2158
2573
5196
6932
2009
3362
7148
5551
4150
9637
8231
1893
6907
1475
1354
7340
7001
6338
9132
9417
4923
1379
9283
1246
6017
8552
1003
2958
6761
8181
7215
2507
3277
6022
1080
1637
3275
8412
2125
4125
4311
1153
2418
8478
3128
7434
5837
5737
8955
1135
1175
6732
5681
2164
7013
1164
1461
5857
4018
2072
1836
4015
6806
3952
2846
7113
1303
2637
1539
5757
4806
3167
6177
8886
3911
7834
2161
7593
4344
1766
2532
9148
5908
4859
4365
1614
1578
2949
4068
5282
9045
4225
6688
2431
3343
3421
3635
3192
5846
9891
7649
7054
4596
4112
3511
2091
5829
7556
4172
4584
4756
9512
3734
9268
6252
3458
6949
9419
9523
9461
6975
2838
5998
4277
4576
6422
3927
3980
4640
1525
7572
2232
3993
7081
3405
5481
3590
1008
6411
3117
3931
3582
6924
5549
4255
1135
8249
8069
8243
6156
3357
9820
2774
3756
1440
4080
2487
4631
6926
9718
5725
6358
1228
8668
4278
5686
7354
1759
5562
8093
9015
7399
6991
8356
4496
6717
4952
2603
7588
5635
4840
1942
4099
3170
8699
5185
4528
9541
4541
3718
5208
4512
5506
4857
5390
6845
5985
4550
1588
8985
2268
5483
7355
3157
8451
9036
5033
8933
6140
2210
5784
9507
6646
8024
3501
7680
2199
7018
2532
9795
8344
8229
1615
3500
3468
7463
7042
4052
4439
3951
4996
8220
1477
5062
6029
7848
7719
4058
6658
7318
9005
3475
6238
2911
4109
4711
5817
6540
5890
9366
2611
6326
9342
9781
2490
4844
7555
1772
7998
1221
5745
3472
4672
6022
4651
7402
3225
6275
5280
8454
2698
3074
4483
4367
2705
3777
9991
1148
4040
5204
9788
1022
2277
9024
7293
1821
2915
4492
1401
5127
8719
1217
2319
9584
5267
9265
1179
4286
4780
6416
3398
3088
2221
8134
4910
3070
5587
3851
2126
8316
6898
9438
5892
9528
7397
5948
9500
6632
1470
8419
2280
2318
9021
7020
3122
4298
1588
8553
1853
5715
1120
4121
5417
9189
2326
1982
4786
3749
4112
5107
5133
5551
8622
2978
7605
3577
4487
5802
7047
5857
6712
6328
2447
2825
8075
6249
9193
4225
8527
7045
4683
7139
2556
2942
4927
2286
7553
4364
1301
2487
4160
7105
6174
1733
1179
9112
1488
2140
9653
8401
1094
1678
3696
3004
6560
3396
3699
3223
5349
6572
9892
8923
7845
6752
6519
9781
1656
4743
4710
9049
6580
3879
1961
2337
2487
3632
1275
3913
6332
7108
8120
6493
2878
3169
7981
1728
1436
8176
8542
8847
4483
4611
1283
7862
9677
9435
9794
3941
3583
4050
5341
1827
5196
1912
4633
9706
4623
8321
5354
1190
2553
2585
4998
1235
7414
7178
2627
6806
3592
2816
3658
8959
3272
4981
3750
1092
2210
8755
5285
2666
4997
8235
3256
2282
6365
7373
7118
3221
6911
5705
1121
2831
6033
5659
4752
8661
2500
5207
5138
8801
1997
9890
2934
6804
5231
1384
5132
4867
7171
3549
9018
2781
4499
2689
8713
7253
3991
5679
8771
7069
7993
2288
4260
6689
2576
9863
7965
2444
6539
3535
8813
7593
7020
6479
4137
2503
4125
4125
9717
1170
4683
9052
2898
5574
4999
4871
7759
8841
3673
8755
5773
3073
1819
6407
6953
5171
5154
3183
2341
9668
6949
3803
7923
8031
4724
6587
6921
1350
3092
4808
9818
1832
1327
4003
1662
3447
4718
6367
2887
2695
4702
8210
7718
5229
4653
1229
8120
3943
8195
6588
1938
8581
1224
3010
3477
3043
2571
3195
4526
2986
7756
5165
7725
3119
3849
3357
3221
6208
6895
1300
2623
6731
4005
7401
8792
6410
4302
4523
4418
8990
3760
8491
4699
1312
9172
3934
3221
5289
4246
1739
1080
8279
6109
2995
3464
9909
6923
8229
8784
2542
9373
6158
1699
7119
6966
1603
2532
5365
5122
3120
5006
7495
3899
9761
7921
1634
1611
7243
9405
1451
4595
7867
9066
9917
3396
6934
6328
8282
4678
7001
5971
3599
2774
6494
9879
2582
3658
6838
2364
8545
3541
6218
2016
1726
3532
5007
1783
4723
1205
3905
9775
5532
4394
6205
6847
8289
2702
9446
6052
2632
6881
6983
5524
6582
6507
4460
1895
8342
5560
4046
8830
4510
3535
4317
2611
1446
8564
1997
6061
1924
2162
7256
2054
9498
4584
9304
2380
9661
5658
7358
9931
1619
4755
3460
2773
6687
7579
9806
7461
7169
5603
6443
9593
8231
1862
4513
9162
5204
4534
4774
6407
2699
6235
8694
2231
5631
2324
5456
2269
1702
6677
5802
5704
5921
1215
4169
3935
3167
1252
4583
2547
7330
5885
1871
9669
1316
4647
6031
6304
1044
9207
9299
8362
6914
7252
1454
3504
8477
1414
4406
6711
7493
1245
5272
2613
8241
2577
8064
2344
2267
1158
4736
2632
5880
8665
7212
1195
3311
5739
8104
4118
4332
5212
2748
5291
1603
9825
4367
8334
9837
8341
7113
8782
1985
3927
5563
4401
5543
8849
5310
5455
2050
8653
8219
9400
9900
3427
4266
5194
4345
2592
7856
9010
1921
9937
5280
3972
3446
1637
5333
7922
8303
5287
3221
6680
4542
1536
1834
3547
7344
4731
7526
5311
8281
4221
7641
3566
3727
1051
7816
9276
2245
9206
4243
5298
5461
5631
7737
8012
2234
8158
2376
5968
3490
7363
8886
1196
1165
2492
5842
8268
9418
8560
5308
4843
5598
3604
7149
6054
2253
9350
6564
2935
6483
2124
4529
4569
7090
1008
1176
4896
4458
1928
5062
7147
8273
2842
5179
6532
3556
7996
1646
6519
6035
1421
1704
5626
2521
8854
6254
5290
9866
2823
3487
2022
5404
3969
2335
6439
2501
7472
6401
1998
4484
8036
6081
1636
3077
6458
6157
6713
6236
8795
4667
1283
6550
4508
3214
6064
3032
1858
6300
7964
4974
3668
5717
3036
1527
3143
7882
8967
9650
3824
9134
9282
8323
5117
3899
1113
6063
6811
5561
5652
5663
2474
8396
6227
4042
4998
7549
3915
2931
5527
1460
3740
5541
4716
8368
8302
9012
1358
3692
4716
2511
1798
1077
2592
6624
8879
6402
9228
8705
6018
8874
3380
9226
9639
8153
1807
1621
2469
3637
7114
2484
7840
8982
1255
4260
4018
3529
9792
8659
1403
3652
7749
6851
9347
4387
2131
4210
6578
9250
6132
9972
1303
7032
8284
3902
1202
3624
5459
9181
8194
4387
2423
2068
4327
2232
9415
3143
8791
7982
2069
1911
2081
8717
8631
7693
5058
5429
2986
5308
2015
6700
2480
6623
4111
3420
3631
5601
8918
2797
5349
1638
6605
2393
2958
4703
3827
2121
4620
2696
5179
2717
5346
1146
3275
9435
7899
9088
2976
5553
8596
8496
3303
9609
6663
2912
8050
1638
8050
5874
9794
5786
2149
8939
8595
8463
5720
9581
7962
6922
6015
1212
3255
1707
6425
4091
5937
1426
9595
7106
8313
7027
9521
2045
4865
3661
1045
9174
3657
5504
9282
7916
5673
6243
3268
2283
1455
6621
6357
6295
7190
4501
4185
4482
1020
1848
6228
1405
7041
8438
6493
4608
5205
5866
4676
1347
2904
3379
4256
7944
2162
1046
9192
2089
2714
7950
4851
4662
2170
2340
9580
2555
8518
9032
4040
9611
4933
8542
7561
4393
4633
2754
3873
6187
4246
1532
9625
2489
6229
3881
5663
5842
5959
4747
5763
2638
3090
4989
6545
1561
3416
3841
9746
2242
2733
8812
3168
3200
1087
6876
3584
3233
1071
6021
4751
4514
4668
8472
6522
8142
8137
5351
1370
2217
5369
6302
5333
8443
6815
4806
5733
2547
1270
5498
9570
5406
5465
3679
8427
8876
2033
3390
7343
8042
9497
8955
4115
2995
1921
9284
9640
4912
2291
9810
3220
5735
8173
7858
7126
5558
3446
1914
6538
4154
6030
1194
1413
6444
4592
3598
3170
6287
5015
7368
7471
2046
8122
3395
2984
2819
3858
9842
8136
5813
8611
5636
5320
5557
7548
5305
6481
6444
8090
1661
4347
6467
1863
6264
4701
1689
3128
8837
1965
8872
8146
2013
6724
3880
9708
1722
6585
2968
3021
4704
2758
2732
8853
4278
9221
4103
8367
1220
1331
8909
4161
4753
7757
4832
7690
3493
4033
2355
9810
6025
1643
4090
5054
9276
6505
7112
4325
5916
2412
4153
3647
4119
1902
8205
1319
6784
7034
4112
3428
1631
9494
9459
9624
7967
7629
4619
7300
6117
2072
3584
9977
1623
2536
8136
5711
3790
1807
8660
4357
4314
5931
4166
1137
3075
4321
9695
9861
4502
1550
4288
9461
9545
5666
1478
7513
9912
1561
8985
1939
3114
5893
3873
8752
7164
2716
4045
6603
2169
1743
1611
9203
2560
9109
5764
9055
5777
2354
3782
8637
7909
1591
6180
4120
4418
6377
7996
6412
7795
6128
7347
7785
2387
7162
6885
9098
2539
4460
1059
8321
6479
2547
5461
9627
4895
7417
3025
1186
5116
1757
4452
3116
5548
7951
1539
6993
7687
5563
8972
7687
3889
7932
4910
1938
5579
2664
3454
4228
6180
3842
8735
7678
6764
2333
6342
7887
1920
3061
6519
2954
8961
5111
3861
9555
2561
3687
9438
4355
2475
8755
5715
1540
8069
1016
2140
3432
8786
9070
8295
3197
4174
1144
4888
7417
6224
5045
5270
9842
8014
2456
6604
3235
4868
4644
9042
6040
3394
3070
8200
3884
4884
8601
4707
6959
5036
5991
3761
4462
2553
6402
2760
1370
6382
3385
4360
1442
1099
1037
5191
5133
5207
5813
3665
9072
1138
6704
2669
8448
7854
2635
4181
6244
7468
2869
2833
2239
1859
6611
5815
2446
1408
1039
6846
8129
9029
8852
1778
7589
9785
7020
5930
5711
5072
5314
8107
8963
9524
8703
5353
4196
5344
5651
4755
7203
2992
3447
5387
2752
8144
6720
6074
4672
8561
7011
3247
3693
1169
4564
2502
1383
2656
6295
6720
4075
5542
3115
1833
3808
3458
5990
5052
5544
2573
4129
6089
1280
2442
6108
3008
1886
1856
6079
9098
8178
2966
4934
2478
8596
3221
5519
5739
9281
4304
2045
3666
6034
3855
4873
8826
2963
4125
8745
9660
2768
1612
2579
6076
1867
5486
6683
5567
3106
4561
7243
8235
5109
9504
7547
7283
6622
5379
3213
4128
9664
1004
8341
3815
9469
7373
7513
4036
4419
9154
5264
5945
5219
6362
6484
8693
3812
2300
2183
5752
8420
6893
7975
1094
7596
1792
2470
5752
8925
4725
7410
5397
8080
3012
2604
2084
8283
4763
3164
1965
2389
4863
3728
3850
8558
4559
3593
1647
4655
5220
6975
3950
8679
1316
9540
7545
4168
1903
3681
3382
4672
3411
5079
9292
9535
5329
6615
1803
6449
7056
7991
3375
6014
4078
5911
1192
1228
1241
6394
9672
2098
8088
2012
6427
2982
5895
4467
6005
4050
5125
6510
5077
5347
8658
1460
5055
1196
4582
2269
3174
3254
3347
9599
6817
9834
8310
6466
9962
2984
5105
7110
3812
3012
2432
6138
6620
9510
4524
1733
6156
4392
4429
4937
6147
8740
1810
5998
9956
6396
5201
6116
2571
5532
2566
4859
2864
7846
7758
5169
3022
4418
6853
7937
5085
4721
1233
7309
1310
2511
4169
4108
3937
2509
4532
1297
7779
2187
8521
3933
8813
8689
1009
4525
8012
6425
9007
8913
7586
3213
1127
6915
6648
4377
4082
8104
2056
1478
2214
7605
3985
8786
9683
9570
7840
4174
7837
9517
1564
1103
2269
5951
2940
4027
3336
9519
8918
9856
2498
5104
1368
7555
6047
6952
4752
5310
5220
2044
2318
8939
4020
5224
3767
6149
7931
1597
3615
6324
4725
6167
2268
7917
2666
1765
6206
3293
6435
5472
9588
2825
2526
7283
2328
3122
1123
2415
7654
3155
3234
2461
2250
2975
4804
4191
4659
3019
1669
6408
2511
6058
7030
3179
6766
4897
8096
6538
3974
5298
7302
6351
1492
9408
1589
5799
5136
7629
1179
5263
7080
5749
1218
5029
8962
2099
6878
6471
1070
9599
7724
2956
3856
5699
8799
5364
4869
5622
9069
2220
9629
8308
9621
3536
5743
4695
2309
4211
5485
8713
3252
1632
6397
2885
4099
5687
6115
3040
6294
5092
8052
4396
5513
3227
2943
5202
4294
2125
7738
4926
3690
1976
7347
4989
5051
5760
6858
9854
5906
5636
6563
8942
5301
7251
2615
2727
9636
1350
2163
2695
5088
7203
6587
9472
4000
2885
1149
9749
9230
5986
7230
1245
1609
4470
9326
8703
9944
6348
7468
2831
3903
9108
9347
4577
1558
4436
1149
2984
2655
1432
1521
7124
3685
3831
8011
2957
3563
6154
8052
4149
3533
1115
1081
9561
1362
2866
1787
2735
7388
6273
8902
4416
1186
4218
9367
7514
2647
1153
6822
6384
5112
7322
2455
3840
1315
5895
1826
4001
7831
9937
9075
8677
3349
1277
4437
7402
4025
9306
2215
9068
5164
5862
3602
6943
4475
9240
3883
4634
6466
1490
6566
1255
5499
2672
4956
1762
7834
3134
9710
2594
6083
8166
3608
4529
1269
4115
2313
6843
2802
3426
2115
2316
8028
4800
7184
7762
1789
9239
5944
7453
2834
8886
4016
7947
8907
4875
1044
9264
5607
1937
2682
5271
8141
1513
9359
5834
8105
4101
2903
3034
2435
1135
8781
4082
6189
1416
5137
4593
6043
2490
8387
5710
5549
4900
6155
8646
3552
2057
1760
2114
7450
2285
4468
4878
6951
3152
6529
5648
4641
9120
8037
7671
3028
2019
3530
3366
2305
8870
9358
6643
8925
2299
2543
4779
4861
6449
9663
2791
1425
7087
3698
3075
2628
8571
2902
5042
3763
6699
3344
6190
2119
5174
4187
3994
9047
1987
7941
4099
8251
8730
4149
8725
9011
5652
1297
9489
9234
5330
5570
8193
3409
9329
5184
3010
4388
1483
5754
4701
7428
5328
2583
5901
3698
5329
4235
3322
6260
1864
8615
3902
2642
6393
3456
7432
4185
9093
7029
3599
9345
4228
4841
2673
9691
4888
4860
7007
2425
4655
9379
9633
1624
2897
8758
4094
5577
2592
2466
3987
3506
2033
7942
9562
4255
9139
2627
3666
8926
7610
7671
7033
5090
2650
3083
1842
1051
2370
6334
4843
4651
2542
2357
6868
4632
6055
2927
2065
2345
8034
8043
7930
1749
4559
3570
3556
4372
2367
8658
2644
3546
5458
4415
3170
6285
1990
1779
3674
8343
8121
1296
1933
4427
5959
6858
5040
3795
4425
3178
4515
3573
4367
8298
4102
3786
5300
8938
1294
9963
9364
4179
2362
2954
4628
2712
5790
1017
5525
4349
2162
3779
2453
6933
8914
4330
3130
7745
3037
8823
6604
4857
4066
3574
3903
5444
9537
5953
1087
8978
6111
1210
5235
3997
7654
3365
4850
5803
1128
2062
1121
8560
2080
9642
1952
2214
9585
7152
6108
2233
3349
1726
3453
4333
1803
3348
2832
6860
3808
8241
1960
1175
3506
6751
8740
5028
7138
2117
9355
5714
5822
5116
2294
1876
2806
1807
8700
3848
5909
6899
5063
7472
1248
8117
4807
7999
5444
1581
2464
7807
1039
7417
8520
2039
2199
3963
1992
6125
2741
4854
1109
1969
8965
2147
1386
4644
8737
6226
5223
4382
8308
1029
6814
7253
5318
3962
2767
7800
4164
8704
9231
2947
7429
1371
1806
8575
2784
7146
4988
3016
3939
3580
5820
4116
8813
4047
4152
7083
7341
4969
3847
4569
6131
1978
8537
9242
4688
9539
5172
6415
2065
8360
1916
1116
3954
2067
2366
6573
7839
9580
1079
8839
3279
4369
7692
4017
6317
3921
9937
1349
2635
3885
8866
5477
4362
5105
9995
5043
5033
7719
2832
1070
5947
8881
9427
5499
5434
5296
1481
6616
5338
4760
3209
9133
4092
6127
6671
7503
5826
6619
8440
3476
2947
3477
7549
9199
6736
5277
3837
4373
4103
1206
8061
5494
4766
6578
2785
5742
7941
5450
8700
5544
1425
4396
1732
7554
1783
6357
9437
5957
7911
3148
6010
5139
6151
4260
2193
1559
3094
4046
8361
9882
3960
3538
9671
6725
8885
4446
3135
7076
2148
1987
1776
4456
4228
3118
4359
6456
2541
1159
8173
9787
4306
5258
8350
8947
5429
1400
2543
1462
9028
6415
5926
9569
5209
5615
3215
5771
9412
4991
3976
4432
7514
7728
9500
4770
4742
6597
3389
5069
4627
9704
5035
6657
4912
3680
2518
8623
7277
1607
8900
2543
4998
2132
1302
8133
4477
6639
3217
9723
1563
2640
3220
5089
2805
4562
1864
3868
5660
7364
4538
2738
4849
2227
8209
5788
7555
2300
4458
6296
7733
6951
8482
5227
6926
5631
1853
1384
7754
7646
3232
9400
9544
1033
2073
2790
1334
8976
6368
8452
5893
5752
4579
3270
7563
4092
3089
9130
6283
7752
5702
6736
1385
3334
9300
1960
6422
7795
7825
8306
8051
1796
1023
8174
6953
9794
6160
6862
2728
6523
5773
2479
1989
6255
7937
4822
5961
9732
5574
4182
1781
5643
2194
7649
1896
8727
8104
9982
7498
2250
4053
5521
5923
5323
3619
7914
6086
3462
2455
1566
1918
2591
8287
6936
5424
4578
2917
1719
7255
6408
2294
6475
6426
9509
1473
1087
3471
3698
5852
3254
7858
4078
1023
8296
5531
9995
1023
5039
1401
6854
6819
9808
1387
9459
6910
2063
5894
2407
4185
3167
4967
4456
7150
5556
8286
8624
1428
2277
7866
3412
9533
6829
7900
8042
5339
4300
4522
2236
1502
3466
4816
3943
4938
3129
7926
3413
7854
1894
2967
1643
5227
8069
5929
3097
2250
7472
7830
2186
5071
4612
3144
4340
5871
5720
2419
5886
2432
1848
7384
3775
2769
1662
7881
2681
1676
3248
8872
6870
6066
9249
7199
5109
9710
3910
9048
1567
5968
3819
1749
6902
1824
1600
8680
9841
3800
6495
9436
4332
3380
8659
1678
2173
2095
5592
4130
2235
5195
8228
4871
8076
2524
7440
5541
6136
5889
1349
9249
2754
1651
5221
8134
4400
2409
4156
6395
2047
3521
4508
8601
2026
3145
8093
6987
1589
7431
6771
5974
5223
6831
5832
9885
6112
2415
4572
5641
4739
5141
3981
2530
8851
3147
8558
6002
6052
3958
1362
6285
9224
5500
2610
6025
3593
2518
9918
7963
2251
2523
7445
6569
2241
9515
4465
9417
7654
5426
4007
9543
1151
3432
6508
7203
9117
6571
2735
9829
2915
8725
6182
5364
1697
5411
4677
4747
7402
4171
5305
5807
8746
5561
6943
6416
5338
6528
3646
5516
6448
3218
6897
6515
8056
6905
6280
4123
2941
3244
1446
1488
7500
3552
3981
1719
2395
2430
9136
7971
1211
3659
3541
6032
3730
4765
9559
1527
3011
7804
4828
7075
1309
8248
6415
3989
8115
9530
9049
2927
3779
5994
4645
4785
4820
9933
6535
3514
9077
5706
3907
3590
5057
8131
1084
9459
7696
4093
1904
3555
1974
7865
3104
4236
3706
4414
8997
9560
5439
4631
7738
4624
3154
4144
4308
3744
7816
1183
7729
2693
6569
9183
1703
9194
3895
8617
5323
3926
3728
2711
5086
6313
5921
3116
5211
8745
7117
6119
6628
6513
4358
2182
1149
3705
2717
5995
2435
7025
2640
3271
9150
7749
2061
5248
4729
9770
3424
1267
3235
4643
6982
5815
5235
8835
7228
4086
5764
1366
6149
1028
2028
2068
3649
2511
5491
4742
9892
5347
2052
7980
2663
2280
3495
4481
7813
2027
3272
1997
1264
8588
4964
8069
6740
7340
6799
1319
4254
5889
7073
5705
9476
2256
1465
6132
4833
2064
6846
4378
8758
5267
3971
2655
3466
4888
6636
3532
7676
1440
1585
6486
6783
4204
4593
2738
3822
5426
4426
1130
4574
5526
5802
2143
6367
7707
3235
1778
4591
5645
2234
6804
3935
4029
4265
5260
6614
7419
4318
5794
5339
9615
1711
1537
9030
8624
8550
2734
3411
4247
4612
1324
7681
1881
9546
5615
2693
7260
9892
8245
8110
1940
3552
8993
7642
3412
9030
5696
8825
5552
8694
4237
6324
6653
9245
1615
8799
5711
7198
5211
3521
5713
9820
6649
3579
2194
4777
5125
3626
9767
3775
4987
9263
5989
4103
5755
3689
2928
7386
6266
3093
3321
4322
1905
3217
8921
4509
5881
7809
8921
9016
3345
7238
3705
2298
7252
1193
7294
4377
2991
3935
6347
1724
1865
2138
7719
3066
5920
7962
8123
7478
5492
4569
6647
5403
3622
4500
3523
4147
4653
1519
9119
6415
2911
9770
4610
9615
4974
5720
4423
5867
6547
8516
7090
2893
2429
4805
5409
4793
7157
7937
4984
3708
2061
9910
2800
7544
9526
6425
4831
8534
8949
1077
5529
6684
5706
3102
3547
4538
1114
5987
1416
6173
8730
4274
4353
4930
1394
9253
5694
7275
8915
7693
1001
8799
3826
4461
7940
8992
6062
6374
4422
6827
8710
2373
8963
1754
8834
9874
4905
5155
3606
8328
5459
4864
7495
5536
6231
6508
5166
1214
8094
4676
2718
1608
7169
4435
9094
7254
4813
1637
2693
1029
9615
9744
3044
5456
1881
6728
4710
1263
5044
9339
1837
1291
4390
9918
5109
2874
3790
7325
4846
5875
8247
3505
8876
6428
7742
5387
1571
6591
5052
3777
6018
6204
6753
2726
2750
9880
2101
3345
8063
1048
1296
1929
3364
3878
3400
1711
4912
2042
9600
8102
7170
9398
1146
3210
7003
7961
3423
7624
3660
3933
4171
6112
1355
4246
4393
5008
3322
9652
8793
2994
5163
7839
6028
9851
9433
2538
3799
2507
3026
3043
3728
4111
6093
2104
1669
5879
4792
5379
4181
6727
1218
3485
9278
1986
4631
5632
5592
3375
3652
5465
1776
7464
7831
9839
5573
4519
5983
4466
9490
1203
5650
3770
3220
4594
1500
3351
9286
4004
2717
2923
5485
9714
7974
1373
5597
8621
6550
7906
4671
7580
2087
6522
2696
6423
1957
9324
7771
3375
3588
3013
1785
3399
8526
3946
4149
1107
5677
3890
4109
1722
5564
6667
3776
2684
3641
2232
1474
5936
7893
1444
3399
9690
6143
4943
1611
9474
4749
3931
6668
3649
3282
3276
3827
9044
9179
2602
1032
4231
3365
6217
4848
9047
7662
6516
4765
8763
7333
5148
7139
4200
2222
5458
6336
6034
8025
5304
3406
8332
2427
5365
8106
1065
5554
4092
1403
8491
2974
3127
6654
5041
6470
4039
1857
1923
1181
5738
9367
2037
8094
4361
5174
4089
5413
1753
1723
8729
3336
8449
2613
8886
9287
5926
4133
3899
8527
5930
9893
9500
1822
1746
4533
1402
8354
6755
3553
7178
1309
3669
6529
4445
3420
1916
4518
4976
7412
6735
1126
1386
7671
4618
5355
1661
4700
6222
8304
6690
4017
8060
7323
7002
1415
2279
5459
6968
9016
8503
7296
6043
6308
4714
7407
3651
3213
1487
3759
7056
8950
9112
3025
1406
4726
4794
1640
6829
9056
2219
8140
4996
7771
2377
4549
8276
1050
2086
6425
6884
7910
1107
1503
3624
7221
5404
5424
6347
2063
6253
7311
9222
6065
5187
8694
5978
3948
5410
1358
4729
7818
3247
6197
4403
2226
9820
7835
1300
2511
2181
7929
7852
1419
3612
6717
6967
1932
4807
9738
4774
9491
8082
9235
9772
8111
4629
5616
1784
3422
8878
5463
8580
5524
6410
6002
2518
2749
4712
2275
1166
2186
6121
4968
6066
6621
5036
2888
5227
2342
3121
3480
5143
4943
1583
2946
1354
4984
4174
2778
9297
3923
3062
7084
7239
5966
6701
3057
3739
3634
2657
7611
1136
4010
4527
2516
4511
7991
4321
6032
7496
9191
5609
6050
7509
6563
9290
1748
2316
8891
8860
3665
5010
6392
6277
1940
3736
4303
7422
2127
7721
2575
8648
1171
6114
1464
9678
2573
3958
1696
8918
3809
1740
1235
1369
7582
4656
8891
5714
3530
6647
9351
3617
6265
2446
7989
4286
3110
9510
7185
7230
2482
3615
5725
2712
3938
5643
4575
3626
5586
6911
7836
9198
7004
8807
5837
5095
4948
2630
5922
1582
8068
2682
6664
8680
3776
7146
9275
6127
4315
3340
6862
4090
1832
4654
9692
8277
3481
9912
3209
3021
5795
3953
4197
1512
7751
6476
1373
9551
1757
4560
9821
7837
5491
1224
7968
1112
7660
1914
1974
4466
5106
4479
6369
3564
6450
4566
2952
6507
7255
7276
4484
1875
8121
2870
4734
9429
3307
2170
6535
2859
5122
3771
8440
2869
2578
7423
7421
7346
5881
9106
4271
9476
6210
2756
9813
6575
3049
4574
9446
2549
7303
6736
1125
2504
2278
2059
8093
5964
8285
5953
2554
5214
7656
2912
7799
7759
6169
7125
6018
4875
2848
4570
1038
4545
2651
1467
8322
4350
8850
6217
7564
2472
9085
5167
5635
2586
9191
2353
4084
9349
8942
6766
4509
2639
6177
5651
4372
3856
6281
1764
6538
9030
2529
1183
5022
6750
8631
1493
5623
4712
8568
6294
3571
3559
5882
1381
7830
4865
1812
1668
3210
2030
3130
4484
5488
9996
6776
1916
7035
3670
7758
6237
1303
6736
7336
3137
9719
3145
2412
2413
1465
5084
2660
2630
2483
2602
1863
9068
8306
1685
5543
5414
3902
5908
8583
4862
2895
1501
1040
9663
9355
1924
8327
8553
4242
2224
5180
4824
6258
2234
8438
6447
8906
7954
7321
6306
4420
3784
9552
8555
5499
5221
3572
4554
4756
3856
6389
4059
6736
1445
5296
2866
1828
1850
5070
2597
4770
3380
2243
6720
6464
9504
2970
1164
6076
8646
6244
2430
2489
7563
4116
6579
5393
2482
7776
9783
3823
3440
9758
6640
5741
5714
4078
7292
7880
1838
2718
4722
4908
9100
3147
7794
4325
4357
3399
5598
8891
6842
7861
3425
2195
6317
8321
6049
6750
9309
5820
8345
2555
3436
1015
5047
1242
3730
2716
7965
2861
3019
2827
1860
8457
1404
3075
4805
8050
1711
1993
2894
1575
1532
6106
8681
2740
4877
8280
4217
9412
4140
1108
6511
1862
5368
3612
9131
7887
6575
4984
8933
6584
7450
5603
4118
2293
9150
7889
4535
5482
5166
2612
5840
5430
1830
8123
3140
3484
4343
3523
9277
2760
6483
4491
2577
2816
2678
4348
1145
6100
9868
2684
6269
3727
4455
1605
8771
5310
9024
5718
3262
5160
7007
4530
2158
5005
1389
9082
8771
9013
4212
2642
1820
1022
4205
8376
2330
9183
7026
6675
7752
1853
4590
9832
2833
2193
5522
7750
4205
7243
6545
6191
6581
9313
4795
3846
3449
8988
7225
1892
6797
6782
6721
6405
7561
2910
8244
3614
6115
1126
5813
1869
1724
4723
8026
1466
3218
3578
4348
6834
7746
5368
3304
7676
3815
8098
9247
7544
9189
4786
6949
1675
3234
4233
5325
6640
9140
1741
4368
8324
6295
3271
2127
6857
8536
2302
2587
1841
9097
7111
3143
4778
9828
4513
2014
6277
5844
4073
6822
9726
2789
7179
5478
5106
8356
9677
9164
6062
4078
7378
3945
2360
2731
1166
2510
5152
3008
1967
5988
8474
5871
8243
8272
3618
6058
1576
1460
4836
6568
5019
2903
7084
3775
3195
3090
8015
3224
6412
3120
6034
1541
1228
2174
2553
4603
4292
1480
2684
6899
2460
4306
1852
3733
2590
1842
2219
3684
7479
5492
9696
4149
4113
8146
9726
6607
1469
1896
2551
9161
2371
5764
4741
3624
1777
5088
7995
1583
4290
6005
8681
2840
5013
9922
1971
1665
7168
8650
9623
3597
9739
4324
3702
6772
2992
4597
6583
2620
3417
5840
3076
9276
1710
8882
2258
3540
8763
2551
6516
5604
4496
2033
3306
8874
5461
3575
5322
6140
4976
5470
1459
2857
4132
2237
9908
5646
6691
9815
6472
9560
3237
5933
3689
8939
2982
1236
9541
6139
4288
4263
1687
1914
5174
9201
2790
6444
7187
3844
3607
6659
9416
5292
9952
7637
2273
5346
6632
7768
8173
3038
2092
2808
1965
3314
5224
5542
7434
8515
7369
9211
8241
6281
9578
4497
9282
8121
4012
6640
9589
4135
3559
5272
7052
4027
5499
4809
2084
6126
8461
6395
5623
5491
6734
5394
4949
4895
5545
3268
7476
1911
7939
7418
6290
3969
2231
7118
1938
9860
6438
5190
6670
2924
9647
8291
7670
2860
6799
2594
6509
2120
4659
4808
9628
5846
2808
9514
7790
3245
9963
4793
7213
7541
2271
3831
3178
6054
5956
1336
4429
1930
8186
6231
3214
8814
3549
5051
9692
3895
6725
5385
7327
4944
2050
7311
3934
5224
7372
4240
9691
8235
6052
4111
4440
3499
3800
7400
2195
8327
3033
9968
1496
1594
6725
1774
2552
2709
5738
1383
1993
9454
9742
2213
7102
9336
5904
1232
4513
1729
1545
1819
8402
2041
6125
2710
9355
4097
8021
5242
4471
5180
6249
2851
1809
5795
7882
6298
5854
3350
2366
3434
9620
7307
1668
5284
6234
9336
3754
1924
3735
2677
3625
5608
3456
6494
4762
6340
7843
5861
5840
1881
1386
5072
4887
4853
5202
2694
1368
2333
7779
6837
6146
3610
3069
5971
2972
8913
4380
6585
7873
4528
3133
4073
1736
2899
1224
4200
3984
6301
6488
6236
5522
1956
9163
6058
1440
5861
5202
1902
6484
3875
9117
5339
4468
7580
1239
5881
3948
3587
4799
1320
1268
8443
6227
7899
7120
1627
4095
5891
2845
7153
3035
7943
2450
3038
9804
1557
4434
5786
1263
6773
1943
9562
6677
1856
5519
4031
7724
6984
5067
6201
6766
2084
6451
2564
5172
1586
2668
6602
3297
6838
7136
5480
6921
3095
3595
8578
4386
8763
5365
5565
2005
9349
8285
5906
8048
6989
3692
3207
5042
4380
1097
3523
1631
3777
1905
5634
3814
5551
6626
9808
6603
5967
2383
7892
3984
3842
5581
3429
1534
3521
8232
7157
9741
5120
2932
5830
9661
6169
2649
4847
5405
4918
5984
5496
3057
3135
2379
2829
6168
5126
7065
5866
8807
2215
2088
9785
9049
5961
4383
7856
5183
3456
5769
4546
2472
4558
4428
3659
3255
4659
4495
6476
9663
6658
3500
4172
5252
4492
5596
3411
6699
8919
5472
4279
8301
7175
2016
8286
5042
1504
1096
2996
3049
6081
9688
4976
6605
3584
9437
5363
3587
6323
1893
4117
2648
5346
6300
2541
4204
5718
9544
8663
9042
2693
8450
4246
5264
2212
4672
6602
9647
3973
1937
5395
7688
2448
1724
1241
2999
4099
8209
1551
5255
5324
9717
3106
8594
2711
8395
6233
2742
8342
4182
3599
4756
8430
7195
2552
4183
2585
7061
9676
2176
6555
3476
9769
6437
5973
9593
8398
8682
2454
7647
9240
4637
5956
7809
1514
3662
3930
2443
5520
2241
1664
4211
6316
6097
2615
3784
9445
8092
8091
7161
2232
9641
8417
9932
7709
8944
4903
7976
9761
1604
7452
5007
5614
8185
2813
9047
6728
2707
2159
1695
5552
2623
3114
9832
7112
1715
5132
8652
2520
3099
4887
6452
6024
1974
3176
4347
2451
5402
7317
4591
7669
7414
1108
2665
7212
2899
9618
9279
6627
2748
3006
3283
1176
8120
2422
6743
8130
3488
5131
7117
3782
4095
2202
9915
2062
5807
5195
7654
5636
5081
5128
2361
4777
3685
7422
8117
2264
4561
6630
2090
2353
9259
9765
1167
8592
3506
2684
5385
7481
5454
1688
1851
1166
3281
1387
8741
7676
6167
9228
6662
7075
1032
6848
4475
2944
7392
6308
1210
6122
8792
5472
2569
4365
4116
7236
2720
4164
1637
8826
8169
3592
5050
3095
3882
3959
2931
9573
9149
3393
2305
3065
5540
5692
5381
8053
2860
6873
1494
4195
8682
3300
9757
4837
5539
6850
7886
2379
2433
8669
2382
3841
3009
8150
4936
2383
4886
5382
1340
4774
6097
8592
3342
2421
2046
5581
5034
2920
5181
8234
5822
5194
2619
2194
3404
4542
9328
7549
2065
7428
9625
9520
9216
2087
1848
4336
7936
5746
4894
4533
3641
6081
7751
8378
8150
8460
4115
4478
2739
2221
2073
2249
6193
7870
1996
4135
1522
1177
4232
8465
1078
2768
5260
5775
3626
8225
3546
5885
8038
9881
3292
5680
1981
4882
7073
6880
4232
1324
4981
2763
6260
7035
8207
8930
1530
4527
4612
8037
8682
3991
4583
3619
7278
1770
2424
8133
4182
4276
3285
6320
7685
5939
4585
4205
6881
8461
4466
2784
3026
3136
8052
2746
6435
4798
3219
8253
4270
9633
9442
5040
6761
4241
8389
2828
7710
5783
7795
5463
4231
1094
3692
9894
9489
3992
6164
3189
7581
5401
3838
5503
9660
4177
4564
4327
7414
2782
9490
1040
6487
6922
3288
1871
8952
2604
4219
5397
7583
8074
2931
1512
7195
5604
5130
6413
3983
1383
4771
9061
2692
4121
6126
6768
4950
8998
2402
6099
6129
6855
7897
5319
3652
4817
5075
7194
3224
3005
6085
8425
5799
1422
4042
1961
6042
2090
8230
7944
2400
5381
5507
6419
1606
5872
7475
5804
9120
8310
3041
9303
9587
7426
4057
5958
7990
3665
2840
8544
2392
9785
4502
6794
4661
6528
3632
6841
3816
3669
8123
6339
7133
8701
3119
6271
3261
4030
5003
8627
9081
4565
9839
3051
5337
1792
7088
5031
5592
5847
1276
7630
3049
2826
5013
8649
8456
5068
4386
3350
5344
8000
7385
6713
8504
3567
9710
7500
1905
3512
7623
7509
3436
9435
7509
2866
6481
1321
9082
1691
9010
3137
5134
3039
6097
3079
2606
8394
4341
9175
2575
1861
4996
7392
2386
2966
5291
1127
3973
5158
1863
4596
1456
4749
8958
5272
9651
2441
5955
4448
5629
2589
9722
4819
2340
1763
7752
8151
4774
3985
5934
4191
8594
7093
7219
2463
8471
2261
8674
3743
2485
5942
3475
3628
6363
6197
3341
1647
5449
1342
4950
2441
4825
3162
5136
3097
2122
4437
6009
6656
1270
9874
5776
5206
7718
1228
6006
2133
5953
3782
5523
1755
2472
4423
8158
4552
6467
4670
2978
5110
9744
1782
8262
2457
3501
9578
1823
1921
2647
4629
8941
6336
6591
8064
8107
7701
5815
9036
5423
9976
2416
7739
6640
1191
3750
6110
9400
9909
4866
4831
6422
1895
9725
2142
7701
2666
5225
3850
9049
8689
7909
2491
1927
7768
6671
6054
8324
6665
1635
3215
5558
5106
3180
3128
4987
1823
8725
4387
8947
3543
2394
7308
2683
7983
9938
3445
5155
4893
8069
3195
2766
1485
3254
2641
4897
4358
5008
9133
1993
6303
8051
4112
4332
7707
2301
1206
7751
4342
6217
1044
8911
9661
5919
1517
5409
1037
7814
3590
1055
7735
5309
7147
4099
2906
5447
4043
6089
6112
9307
5611
2136
5270
1286
4475
1453
5615
6338
5254
1749
6422
5635
3750
4891
6066
2747
7432
3232
3940
9139
5648
5912
1917
2020
7261
4096
9465
4308
7598
7757
7574
7011
2823
9703
3143
7688
2932
9938
4679
4820
7341
3498
2712
3509
4109
1856
9101
7456
4985
3655
3786
6817
6332
8250
7000
4249
2590
5497
5656
3074
5318
3527
1178
3827
3364
7807
1536
1483
3280
2112
2873
5546
1266
1967
3552
4017
6070
9793
9236
2120
7195
4639
9123
4637
7525
3431
5843
4249
4739
5445
9663
4336
9151
4274
8194
6438
4382
3490
6222
1257
6195
2849
9005
2522
1675
1760
4731
2398
9051
1231
7771
5793
1810
3599
7473
8978
5457
6605
6198
9308
5809
6303
3172
4275
9921
3951
7427
1261
4755
3253
5184
1183
8521
2099
3477
1546
7652
6942
1544
7305
1048
9546
2078
5023
7132
4590
2049
1102
4060
6991
3594
6445
1449
4831
4795
6720
1095
9820
5812
1982
3677
7993
1390
5614
3981
3825
5236
3630
3124
9502
8210
8743
4762
1123
6125
2100
3956
2121
7809
3395
7377
4593
9449
1657
3810
3722
3123
2620
8313
9688
6349
8493
7840
3302
4491
6727
9470
9834
4113
1754
6516
1595
6398
5075
3768
3191
2946
6051
9397
3100
1390
1590
6622
9489
1718
1206
1591
5124
2432
3516
5850
4675
7402
5482
6957
1937
5648
5055
8520
2474
7248
3930
4510
1834
4285
8784
5519
5525
9469
8167
6296
1659
7889
1312
4650
6537
4487
9091
5752
2346
9743
1595
9865
6682
6639
6316
3294
3873
3412
5543
8545
1880
2376
6908
5344
1994
1970
7234
4640
2915
6629
9713
5523
4329
6903
1772
6960
5438
5142
3280
4512
3631
2760
3872
5683
7448
9323
3393
6614
3488
1611
4200
4126
4789
2829
2645
9985
3016
8768
1909
9923
8523
3490
9690
9262
2330
9190
4065
9455
8671
7668
7015
1879
8382
6936
3772
5037
6260
4552
4849
9703
7558
1756
7209
1489
1424
6481
7131
7479
8531
3970
9124
6512
7758
4477
1602
6664
1816
4488
2171
1678
8265
5646
8503
8649
6460
6877
6315
7537
4185
3784
1790
6370
3609
3045
2816
6264
9380
9093
1324
6607
3630
6322
4598
5247
5111
5025
9457
1962
5866
3278
1661
8584
6319
3491
5221
1346
5889
4699
3635
6435
6602
3019
6122
2977
7039
4183
1681
8723
6266
2494
8927
8171
7037
7782
8413
2321
3613
9989
4230
4355
2959
2198
4225
9527
6719
1686
7855
7582
8389
5969
7755
5918
7729
8381
7660
4383
5701
1564
2289
1779
6767
1587
5664
7527
4170
6995
7237
4858
7375
8762
5403
2122
7325
9631
4435
7743
2186
5076
6118
5929
6841
4939
9521
7049
6800
4061
4782
1703
5615
4031
7537
1517
3588
1867
4946
4290
6904
5351
1152
1388
4285
1572
3191
6512
1298
1407
5222
5872
5226
3045
6172
5514
5819
1842
9956
7770
4125
8851
9075
4373
6490
8406
8149
6135
7798
3192
4976
5570
3512
4452
1831
1793
4545
5243
9315
5323
5202
4341
5632
5962
3125
6631
4733
1724
1061
2888
1147
7956
1796
4843
2860
5557
1731
5962
5733
6763
5957
7960
4929
9794
2963
1060
2302
5652
1431
8197
2994
5378
9994
1165
9834
3701
4773
2413
9201
8264
9000
2975
9829
4361
2981
8023
4727
1971
6143
6186
1252
3647
9464
4929
4956
4884
5387
2975
6478
3655
8001
9686
6892
2289
6086
4358
3349
3183
2841
5802
9239
7801
3758
6217
8089
2144
6156
9914
7238
3593
4455
9782
3318
4731
7028
2692
7999
3552
4607
7386
2150
6431
8857
8270
7234
2398
7823
2848
6349
5380
6549
9572
7013
7794
2095
2174
5901
5872
2580
9637
6457
9189
4621
8667
1896
6544
3904
8439
6446
4767
6141
5229
9945
3482
4443
3631
6687
3365
2708
3777
8832
4199
2423
2562
2425
1254
7992
1156
6828
2222
5823
4910
1946
7018
3229
1446
1778
1076
7130
7426
8423
2052
9904
2418
4129
8192
9220
9525
2419
1344
7944
5504
8441
2660
8304
2447
5353
6689
4357
5391
4083
3572
3528
7521
6483
1128
5326
1702
8935
4906
9346
4745
6849
8662
6268
5789
9093
8875
2721
2298
4103
2513
4892
4074
2177
8954
1340
4264
7938
7626
4498
1849
5703
7649
3122
6618
2869
8123
1355
5235
4925
6308
2446
9847
2087
5400
7008
4394
3580
8726
4794
2606
1146
7603
7136
7274
1161
1144
8699
8116
9059
3384
3183
7957
6139
1876
4107
5416
1881
4567
4984
2291
6665
5198
6400
4487
7006
1097
2116
8028
4927
1344
6831
5228
4459
6841
2132
2579
6868
4238
3916
1174
5332
3305
4339
2821
2432
9795
7765
8966
8799
9112
3043
7102
5952
4843
3014
7550
7734
3080
2987
6171
4645
3500
4534
4247
4687
9475
9559
1443
1418
1583
8014
1974
9112
6227
8826
1060
5744
9347
1688
6150
2872
9372
3762
4580
2942
9736
3587
4454
3612
9991
5707
6520
9073
2548
7622
3873
5688
4545
4253
9770
8764
2230
3856
7118
9252
5538
7957
3449
5353
8120
1547
4975
2855
2278
5828
1090
5436
3954
5018
2985
3246
4200
9763
7986
2666
5070
8184
1855
5110
9112
8752
9915
6502
3108
2380
5333
7110
4653
5448
1270
4661
9871
3555
4462
9767
7025
1620
8273
9063
3746
2753
3757
3981
4400
1860
3930
7769
6233
3324
3540
1577
2734
3986
8212
4348
1254
4778
3359
8252
2245
7706
1493
3185
6232
8944
4048
1832
7826
4920
9157
2334
6767
3022
5985
4131
4010
4873
5930
1076
6373
6695
6400
9451
1285
3112
5446
5610
7175
1077
8355
6273
1246
9066
2302
8801
6245
4549
8946
2547
7922
1963
7517
2647
4312
6656
8185
8045
3240
2598
4541
3641
7763
6023
1446
8063
4370
4683
8382
9717
7722
3621
3018
7977
4907
4027
2097
4264
9355
2752
1731
3613
5811
9385
1578
6223
5083
2210
10000
6275
9088
6003
9243
4927
1257
2344
5290
6541
2912
4181
6705
2505
9683
8532
2114
8200
5971
1312
2726
1926
8649
8717
8577
8527
3546
1514
4546
4697
5660
8139
1376
7643
5808
7505
2018
6695
3413
1714
9371
6694
7562
5546
7610
9115
5192
1475
9302
5983
1443
1512
6255
6311
3094
1680
4193
1228
1673
6138
6075
1295
2027
6148
3624
7180
5682
8691
1777
2885
3898
4789
6258
4124
8762
1353
6977
1858
8850
7727
3774
3872
9881
1440
2728
1478
2589
4429
6183
1925
7529
9441
5742
1127
4342
6725
1355
5945
9781
8073
6408
4790
6550
5010
6529
4407
9506
9928
4138
6406
2604
3575
5092
7914
9100
9604
6875
8663
1675
8057
4452
1560
2471
6773
5162
2893
1636
2726
7309
5970
8665
6857
5010
8295
5614
6598
3183
5091
8754
2935
7638
3488
3810
3090
1879
7127
4941
8378
6642
6690
4008
5441
5504
6816
4883
7705
1104
7177
3586
1024
9763
3790
5454
3178
2374
7931
1211
5850
3993
3990
2546
4795
1766
4541
7991
2713
5126
5560
4268
9126
4952
9037
2941
2061
8675
6639
4643
7208
8557
7445
3800
3803
3885
5913
1757
7570
2796
9824
5107
5901
6328
5655
3420
7323
7737
6301
7549
3901
7123
5708
2733
8611
2418
8002
9941
2651
6134
6421
6710
8708
3485
2992
8238
6028
8621
4346
5978
3022
5729
9743
3998
3375
2921
3375
1172
2500
7738
9913
3291
6655
4522
1331
6722
3051
5630
3536
8880
4019
6646
5347
6246
4269
4540
3290
6792
6269
4804
9367
3066
2219
7608
9288
2697
7502
9573
2941
1387
2292
2177
4349
4433
6290
2283
7689
1695
4302
6628
7178
1036
4049
6046
6814
1257
5941
2883
3107
4232
2347
8572
