1000
1273.3
2528.5
8997.3
5022.3
3474.5
6391.3
7373.5
4245.3
6530.7
5575.5
7593.1
1965.5
2778.1
9187.1
5358.7
5931.7
4859.7
6558.1
2000.1
8897.3
9341.1
7938.5
4412.5
8230.3
4190.5
5462.7
9918.5
1564.1
2187.1
1082.7
5662.3
7614.5
5546.7
2421.5
5466.5
3583.5
5209.1
6540.1
3416.3
3667.5
4305.5
8688.3
5209.1
3003.3
2892.1
7379.5
5983.7
3973.3
1528.5
7993.3
8304.5
5168.3
4368.5
8462.1
8918.5
4274.7
7654.3
7364.1
6067.5
2475.3
6567.1
3655.5
5321.3
9443.3
8723.3
2025.7
6666.3
3364.7
2752.1
2141.1
3276.3
2412.3
7789.1
3050.1
1410.5
7039.3
2107.3
7052.3
6519.3
3576.1
8341.1
5808.5
2278.7
7168.1
8629.3
1733.7
3357.7
6857.1
4133.5
5986.7
9928.1
1803.5
5732.3
6751.1
3770.7
1581.5
4274.7
3935.5
1475.3
6686.7
9572.1
5992.5
6280.7
4219.7
6780.3
8756.1
3874.1
6408.3
2072.5
2451.3
1480.7
4211.7
7372.5
1491.5
8885.1
2206.3
7913.5
2578.1
4332.7
3896.5
9648.1
7876.1
3171.1
5496.3
5509.1
4318.5
2887.5
2769.1
2118.7
8533.1
2700.5
1320.1
8250.5
4003.3
4537.7
6366.5
1046.7
5158.7
7500.1
2665.1
9556.5
8463.5
2633.1
7885.3
2909.5
3321.7
7541.5
8046.3
8598.3
9051.5
8988.1
7086.3
4481.1
1189.7
9396.3
7477.5
1372.7
8418.5
2387.5
5871.7
3438.5
4990.7
5311.5
1545.3
7725.5
7785.5
9231.1
7257.5
6097.3
6103.1
1584.3
3342.3
3680.1
9851.5
4115.3
5498.1
5267.7
9070.3
5534.1
6660.5
6713.7
2023.5
3309.5
2248.5
2657.5
9288.5
1599.1
8356.5
6858.1
9280.5
3768.3
3763.1
7154.1
5444.1
6972.5
7799.3
9821.3
5294.1
5620.3
1365.7
1703.1
1283.7
5119.5
4656.5
3981.5
5548.7
8314.3
2017.1
1970.5
2060.3
3138.1
1477.3
4110.5
6068.3
8537.1
7272.5
1171.7
5081.1
8766.5
5725.7
6444.7
8778.3
9603.5
4503.7
6687.1
6879.1
2273.7
8498.3
3479.5
1188.3
1979.3
2995.5
1378.1
6596.7
1259.5
3042.5
3057.7
9368.1
9694.3
4243.1
4574.7
5878.1
4028.1
7667.5
1292.1
3399.7
4511.5
5878.3
9521.3
1035.7
6749.7
3860.1
9142.1
8190.1
9482.1
1397.7
2195.7
8008.3
3971.1
1272.5
3998.5
9240.3
7662.1
7050.3
7368.3
5488.5
2852.1
4148.1
4390.3
1055.3
1263.1
2808.1
5077.1
5897.7
5569.5
5322.7
9645.5
3344.1
3092.7
4150.7
4703.1
5581.7
6862.5
6546.1
3903.1
8202.5
5598.3
3643.7
7048.1
8570.3
3043.3
5204.1
4794.3
6624.5
9329.5
1265.5
4893.1
6195.7
7438.1
1601.3
1109.7
5470.1
9873.5
4943.3
4037.7
7218.5
8527.1
1749.1
4616.7
1692.5
2450.3
1711.3
3219.5
3702.5
5108.7
9489.3
9272.5
9611.3
5163.3
1738.1
7171.5
6091.5
6101.3
6120.7
1166.7
9159.1
7657.1
2208.7
3205.3
6448.7
3720.7
4716.5
4407.1
7642.3
1858.3
4946.3
6927.5
6264.3
6654.7
3763.3
5301.3
9819.3
7596.5
5075.3
7777.5
5170.7
9892.3
8610.5
1380.7
6150.3
7464.5
2075.7
8171.5
2356.5
4449.1
6238.1
3243.1
1833.1
3695.7
4517.1
6764.1
1768.7
1804.1
5021.7
8651.1
7477.3
6928.1
4713.1
4015.5
3713.1
6808.1
4338.5
5680.3
5033.5
4790.3
2058.7
3351.7
3488.1
2073.3
9046.5
9011.5
3194.7
4567.3
2053.7
6920.1
5940.5
1086.1
6577.7
4328.3
8279.3
9980.5
9718.5
2294.3
6697.5
1543.3
6496.1
5036.3
1053.7
2567.5
4737.3
4543.3
7034.5
2361.7
2425.7
2323.3
6523.1
1900.7
3547.1
2890.1
7241.1
4444.7
7148.5
6300.3
2994.7
4380.5
9202.1
9556.3
2677.5
4938.5
4023.1
6787.1
4001.5
9883.1
1346.3
4494.1
9804.5
3663.3
3628.5
4642.7
8326.5
4047.1
1579.7
3253.3
7426.3
3030.1
9428.1
2685.5
8409.5
6044.1
9318.1
4136.7
8742.3
1427.1
2718.1
5269.5
3972.7
1828.3
2643.1
2661.1
3187.7
1329.5
3261.3
2633.1
5679.7
5856.7
2598.5
1328.5
3913.3
8344.5
4063.7
3138.3
3655.1
3238.5
2634.7
1625.5
5404.3
5042.5
3491.3
4575.7
8162.5
6710.5
3685.3
9747.5
1330.3
3199.1
7303.3
2529.5
1428.1
7674.3
2571.1
2614.5
7590.1
2043.1
4134.7
7000.5
8869.3
2837.1
3204.5
2970.3
3405.5
1169.1
3426.7
9607.1
2573.1
9270.3
4894.5
7876.5
5746.5
8735.3
5449.7
5156.1
5187.7
4874.3
5564.1
7173.5
8898.5
8568.3
6370.7
5575.3
7362.5
7465.5
9776.5
6236.5
7317.1
3556.3
9936.1
4847.1
2060.7
2898.1
6258.7
7623.5
3155.7
5705.3
6555.5
8719.3
8488.3
2103.5
7181.1
9961.1
8484.3
1665.3
6820.1
6006.1
4766.5
5115.3
5462.1
2841.3
3066.3
4273.5
3600.7
9023.3
7591.1
3290.1
6349.5
1613.5
1297.5
5742.5
5468.1
9313.1
4092.1
4126.7
5157.1
8698.5
8062.3
1390.3
9505.5
2504.1
9449.5
5253.7
6918.1
5098.1
2443.1
4319.5
4395.3
5528.1
8352.5
4794.3
4724.5
3443.7
9775.1
6747.5
8657.5
6840.3
1395.1
9848.5
2513.7
1570.1
1721.1
5405.1
9218.3
3356.3
2267.7
6391.7
9190.1
3107.1
8575.5
8885.5
2781.7
6402.7
1913.7
8011.1
6593.1
6247.7
1233.5
4581.1
8124.1
4009.3
5275.5
5583.3
9760.5
5114.3
5222.7
2346.7
7653.3
3881.7
2938.3
8320.5
7793.1
1199.5
3094.3
4568.5
7124.5
7828.5
2707.3
1637.1
3183.3
2796.7
5877.1
1482.1
4103.7
3150.5
2980.1
3273.3
7295.3
6808.1
2199.3
4558.1
3699.5
1091.3
2272.3
4465.7
7579.3
6784.3
9103.5
4597.1
4914.1
7591.5
2018.7
4731.1
5835.3
3033.3
1651.3
6129.1
3340.3
1163.1
6999.1
6651.1
6563.1
6624.1
1466.1
5230.7
7643.1
3663.3
4681.3
6955.5
6177.1
5508.5
2998.5
6522.7
1498.7
7300.3
5485.1
9203.5
1785.3
2590.3
8662.1
5244.3
4985.1
6060.7
9079.5
6178.3
6595.7
6638.1
6182.5
5969.3
8001.1
7977.5
4605.5
1467.1
1350.3
9773.3
1102.7
8514.3
1313.3
9213.5
2398.3
6517.1
4758.1
5986.1
8785.5
1377.1
3116.3
5516.5
5698.1
1637.3
6820.5
4940.7
6934.5
2665.5
6858.1
7974.5
3734.7
6778.5
7095.1
9315.3
5972.3
6603.1
7687.3
2180.7
8866.3
8965.3
1636.1
9105.1
3273.1
7471.3
6715.7
5657.5
2448.7
2023.7
6387.7
2442.7
7738.1
2545.3
3891.7
1740.7
2100.7
3916.1
6188.7
3444.7
8686.5
6936.3
9740.1
5897.3
7473.3
4957.3
2247.1
9341.3
2856.3
1006.1
1434.5
1334.3
2291.1
3034.1
7874.3
7512.1
9315.1
1638.5
7136.3
4506.7
2259.5
5025.3
7953.1
8757.5
9589.1
6318.7
3316.5
1328.1
2996.3
9737.1
3229.1
5983.3
4235.7
3820.5
4055.5
6517.3
1958.3
9216.1
4270.3
5255.7
2931.3
6082.3
6491.1
6883.1
2800.1
6176.3
1816.5
5626.7
4292.7
5483.3
3370.1
1859.5
1195.5
9445.5
6764.7
8839.3
4562.3
5914.7
9397.5
5048.3
6387.1
2339.3
8174.5
5936.3
6160.5
6249.5
1677.7
6875.3
7491.5
8601.3
9211.5
8810.1
4318.3
2893.7
1086.3
1624.7
3951.7
9905.5
5584.7
8284.5
4530.5
9162.3
8664.3
1464.7
4499.3
8455.3
3375.3
2335.3
1909.1
6246.1
4056.1
4728.3
7153.3
5278.1
4262.5
6659.3
6824.5
6079.1
5695.5
9132.1
5253.5
8706.5
5953.5
7546.3
6160.3
5437.5
6135.1
6948.5
8415.3
1043.7
4596.1
8355.3
2906.1
2997.3
6948.5
3895.1
7818.1
2069.3
1996.1
4630.1
5432.5
2684.3
4727.3
8849.3
2815.7
1414.1
2861.1
6005.5
2855.5
3625.3
1411.3
8331.5
8594.3
4671.1
8975.1
5455.3
8626.3
3400.1
3529.3
6892.3
8563.1
6731.3
9167.1
5445.5
8089.5
7004.1
6134.7
1901.7
6204.5
6846.3
2905.5
7610.3
2664.7
6233.1
2766.7
7241.3
2536.5
4922.5
4935.1
2803.1
6666.7
2602.5
1345.1
5345.1
6505.1
4239.7
4354.3
6791.3
3907.5
7161.1
5616.5
8614.5
2643.1
4413.1
5145.3
9133.3
6707.3
2124.3
8584.5
9534.5
3825.1
1892.5
5684.3
4133.5
5927.1
9354.1
1978.1
3858.1
2650.3
7992.1
7516.5
1912.1
2164.5
3654.1
9231.3
2220.5
5386.1
2877.1
1235.7
4544.5
3219.7
3500.1
1189.3
3861.5
6310.3
2845.5
3982.3
2264.7
9478.5
2230.7
4638.7
9251.5
3546.1
6622.5
2040.5
8561.3
4095.1
4672.1
2441.5
4536.3
2131.3
6419.1
3704.5
9164.5
3814.1
3644.7
8487.5
1067.5
5277.3
7950.5
4831.1
7446.5
4038.3
5654.5
8789.3
4266.1
5094.3
6804.1
6723.5
7892.1
1843.5
3358.7
9325.3
9869.5
5111.7
2998.3
6751.7
2754.5
2538.3
5508.1
2626.5
8704.3
2597.3
6779.3
8964.1
7597.1
9098.1
3544.1
6514.7
2644.5
8859.3
5546.5
9247.3
3960.1
7391.1
3259.7
2874.1
5343.3
7699.3
6666.3
1481.7
