1000
9130
5854
1439
6942
4673
6744
8169
6945
7331
1476
3873
7788
2407
5130
3823
1882
9026
7043
1916
2469
5707
7039
6661
2052
8570
9112
3540
8001
8805
5498
3153
2738
1606
4388
9083
2364
2939
6803
5939
4201
3469
3864
8528
4966
2475
5065
5017
4387
2418
7587
2911
9592
9083
6846
3132
3611
6763
2927
3319
2877
2151
4890
3273
8276
1935
1547
5374
5165
1877
4488
4721
8867
7629
1564
3300
6453
3751
5396
6621
6627
1300
7524
4250
1390
8478
1097
6868
1153
2203
4001
4856
2178
4600
8149
2341
9797
7428
8937
7983
9052
1550
5982
9628
6209
5256
3959
1703
9020
3582
3563
6509
2642
2913
9974
1538
9653
4896
7919
8400
1744
1704
5845
3040
5665
7764
7564
6503
9288
4842
6419
7743
8658
3196
2109
2375
2035
6532
3456
3765
8947
7671
2883
3628
3074
9822
7545
4604
5912
1224
5600
8336
8521
4055
2995
7688
1078
4436
2008
2450
8040
2434
1882
7182
3885
8118
4338
4990
5809
4612
5721
7857
9905
3076
5371
1945
2395
2505
5405
8674
4386
2236
5311
5829
2684
8307
3249
1072
9844
8705
3819
7481
2708
2965
4241
8990
7798
1497
2305
5987
5765
1920
5209
5333
2840
5741
7391
3263
5911
3475
1447
5900
7272
9528
2864
4341
3271
5486
5720
8105
5368
5601
7444
2141
7250
3696
5428
6314
9200
6405
6289
5779
6739
4378
9634
5714
6619
3962
4715
7935
8525
5978
5413
5897
5455
5345
5005
5884
9208
4884
2250
8150
3743
1452
9977
4059
6512
8626
4170
4702
9347
3499
5446
4737
5692
1589
6498
6449
4324
5921
7282
5857
6970
6764
2481
9440
1562
7289
6359
4541
1430
5239
9474
4502
5804
3766
4677
8166
9118
4724
9921
3395
3945
5559
3103
6130
5358
3245
2328
1913
6252
4388
9677
3471
8817
3555
7677
8469
4908
7846
1659
5180
3767
4844
9045
3857
1074
4636
5449
4708
6816
9467
5451
7561
3681
2774
1992
9952
9601
9188
2145
1412
7442
3020
3356
5062
5464
3340
1753
3380
7021
7855
8109
7977
3349
3676
1644
5894
3055
7750
1839
6948
5424
4590
8030
7061
4691
6635
1723
7562
6112
4053
2288
4709
1329
1592
2954
7694
4912
2550
8256
3735
5409
1745
7020
5183
6434
7739
3740
7928
4934
3206
6561
7988
6121
3043
2476
9920
3326
6043
1313
7575
5657
6215
6590
3435
1384
8235
4505
1210
2226
6179
6750
3787
7503
3126
9348
3068
7054
2774
3296
9968
5877
1695
8680
5238
6861
3275
8105
3090
8389
4017
8185
7445
5359
2256
1908
5974
1470
2725
4158
6064
9071
2895
2299
6955
2241
7667
4216
2506
2896
8265
4064
8948
2032
1025
4959
6895
6018
7236
6018
3219
1895
9405
8636
3170
1646
5319
8889
3579
3959
6668
3234
2720
8705
2166
2812
4583
6483
9684
4628
3622
6425
5426
5054
4500
2703
6656
7040
1698
1974
2379
5345
5882
4608
5231
3137
4061
4308
6460
7437
4963
8909
7552
8224
8723
1695
5431
9634
8712
3832
2851
1757
4381
7462
5976
8831
2886
7703
6104
7968
8991
9007
7365
1469
1051
5443
1580
3800
3210
3733
8531
5481
6764
4356
3750
1964
4158
7733
9336
6426
1305
2580
3960
1654
4531
3430
4607
4216
9123
2291
3538
3431
2370
4691
5120
5569
1923
8300
7188
1614
7018
5083
6356
2975
5786
3025
8459
1995
3661
9812
7560
1642
6262
2230
7923
6539
4893
2582
5277
2294
2093
5419
5010
9762
4745
1205
9074
2840
3858
5053
3142
4267
1728
4939
1496
3425
4052
5620
9056
7967
8177
7524
6281
2226
2640
2504
5770
9746
4835
9243
3916
6171
1905
2778
1160
3459
6624
3556
9862
9742
8143
5797
8417
1560
5598
8895
8017
6302
1225
4056
5213
9937
1725
8059
6888
7151
8191
3335
9124
6542
8037
8329
5720
1270
2537
1513
5753
2901
1008
9587
4153
4520
7229
6779
5339
7173
5198
2430
7482
8160
8656
5939
3544
3132
2872
8911
2034
4172
4124
4875
3781
7075
7722
4595
4623
8218
2480
8981
7431
7873
2502
6734
1822
5682
2026
9523
5827
6481
6172
6334
9430
7282
4390
3617
4962
4129
8202
8697
3347
9073
8520
4958
5841
8660
4661
4626
2004
5485
7569
6462
6431
8563
3724
2268
4012
2520
2607
4235
4978
2976
6946
9754
3134
5506
5873
1887
9027
6967
3134
5341
7954
9131
8680
4166
8810
5491
6466
4604
4563
3510
4388
7508
1637
1039
4136
5296
3837
3354
3737
2574
1183
8555
1257
4378
1903
3163
8771
6472
4946
5800
1169
4365
7486
9940
6833
9765
5552
9169
1997
2544
2680
7283
7393
8595
3525
4540
1743
8753
9443
5996
9347
9945
8779
7520
5153
3548
8485
7375
3150
1362
3226
9656
6058
6649
9309
6591
5373
2234
3051
1168
1725
7295
5005
4818
6024
3174
6452
4945
5335
4172
3653
2812
2291
8905
6159
4815
6226
8384
7895
1813
3004
4237
3313
2501
1387
6616
9528
4195
3623
4036
7645
6667
8896
2536
3155
6389
2123
3624
9898
5540
6773
9393
4852
5193
4125
8523
9607
4792
5381
6362
3415
2117
3787
3463
7953
6941
5296
6283
1983
5656
3596
8317
9557
5955
7305
9783
3782
5294
6695
6356
6929
9723
5466
7378
6104
1786
9560
3317
4519
8679
4596
4797
9007
9479
1111
8149
3066
6461
4230
8797
2021
3370
1002
8438
7362
3197
5586
9909
8746
7384
8965
3646
4028
4827
1898
9926
3267
9266
3768
9258
2652
1636
5103
9598
2191
4879
2994
7089
4166
4478
1180
1840
4720
8052
7182
9505
4758
1259
2626
4329
2167
2238
4795
4573
7738
4592
1572
4370
2173
6093
8086
6529
5409
4942
8503
4740
9697
9556
1435
9823
8120
4524
6688
4459
8664
1907
2700
2780
7326
3121
4153
1349
8384
9992
4267
4372
2015
8107
7828
8704
9626
5225
8012
5764
7783
3276
9883
3037
5225
4010
4072
5575
1441
6302
5365
1533
4405
7409
4285
6037
5236
2166
2202
2815
6992
1037
2866
4258
9406
9922
4551
1692
5696
5170
6504
2342
9887
4491
4699
9425
